ambient 0.4
headlight 0.4
directional 0.6
lightdir -1.0 1.0 1.0
background 140 160 230
clfactors 1.1 1.1 1.1
objtypes 37
data/steer.geo data/steer.col data/noref.ref data/nocl.cld
data/speed.geo data/speed.col data/noref.ref data/nocl.cld
data/dmod.geo data/dmod.col data/noref.ref data/nocl.cld
data/roads.geo data/roadnt.col data/roads.ref data/road.cld
data/roadlw.geo data/roadnt.col data/roadlw.ref data/road.cld
data/roadln.geo data/roadnt.col data/roadln.ref data/road.cld
data/roadrw.geo data/roadnt.col data/roadrw.ref data/road.cld
data/roadrn.geo data/roadnt.col data/roadrn.ref data/road.cld
data/road25.geo data/roadnt.col data/road25.ref data/road.cld
data/road50.geo data/roadnt.col data/road50.ref data/road.cld
data/road75.geo data/roadnt.col data/road75.ref data/road.cld
data/tunnb.geo data/tunnb.col data/tunn.ref data/tunnb.cld
data/tunn.geo data/tunn.col data/tunn.ref data/tunn.cld
data/bridgec.geo data/bridgec.col data/bridgstr.ref data/bridgec.cld
data/bridges.geo data/bridges.col data/bridges.ref data/nocl.cld
data/start.geo data/start.col data/start.ref data/nocl.cld
data/tree5.geo data/tree5.col data/tree.ref data/tree5.cld
data/tree8.geo data/tree8.col data/tree.ref data/tree8.cld
data/house1.geo data/house1.col data/house1.ref data/house1.cld
data/house2.geo data/house2.col data/house2.ref data/house2.cld
data/trs.geo data/trs.col data/trs.ref data/trs.cld
data/wind.geo data/wind.col data/wind.ref data/wind.cld
data/prop.geo data/prop.col data/noref.ref data/nocl.cld
data/tree7.geo data/tree7.col data/tree.ref data/tree7.cld
data/glider.geo data/glider.col data/noref.ref data/nocl.cld
data/bridgescl.geo data/bridges.col data/bridgec.ref data/nocl.cld
data/loop4r.geo data/loopblue.col data/loop4r.ref data/loop4r.cld
data/loop2r.geo data/loopgreen.col data/loop2r.ref data/loop2r.cld
data/loop1r.geo data/loopred.col data/loop1r.ref data/loop1r.cld
data/loop4l.geo data/loopblue.col data/loop4l.ref data/loop4l.cld
data/loop2l.geo data/loopgreen.col data/loop2l.ref data/loop2l.cld
data/loop1l.geo data/loopred.col data/loop1l.ref data/loop1l.cld
data/ground.geo data/ground.col data/noref.ref data/nocl.cld
data/corkr.geo data/cork.col data/corkr.ref data/corkr.cld
data/road11.geo data/roadnt.col data/road11.ref data/road.cld
data/road12.geo data/roadnt.col data/road12.ref data/road.cld
data/hill2.geo data/hill2.col data/noref.ref data/hill2.cld
objects 673
33  -5.0  0.0  0.0  0.0  0.0  0.0  2  0
37 -20 42 110 0 0 0 2 0
37 -20 -150 -180 0 0 0 2 0
37 -20 -760 113 0 0 0 2 0
22 -1.20 6 70 0 0 0 2 0
23 3.10 5.1 69.1 0 0 2.356 3 0
16 -1.20 0 20 0 0 0 2 0
21 -1.2000 0.0000 0.0000 0 0 3.1416 5 0
4 -1.2000 0.0000 0.0000 0 0 -0.0000 1 0
4 -1.2000 0.0000 10.0000 0 0 -0.0000 1 0
4 -1.2000 0.0000 20.0000 0 0 -0.0000 1 0
4 -1.2000 0.0000 30.0000 0 0 -0.0000 1 0
4 -1.2000 0.0000 40.0000 0 0 -0.0000 1 0
4 -1.2000 0.0000 50.0000 0 0 -0.0000 1 0
4 -1.2000 0.0000 60.0000 0 0 -0.0000 1 0
4 -1.2000 0.0000 70.0000 0 0 -0.0000 1 0
4 -1.2000 0.0000 80.0000 0 0 -0.0000 1 0
4 -1.2000 0.0000 90.0000 0 0 -0.0000 1 0
4 -1.2000 0.0000 100.0000 0 0 -0.0000 1 0
4 -1.2000 0.0000 110.0000 0 0 -0.0000 1 0
4 -1.2000 0.0000 120.0000 0 0 -0.0000 1 0
4 -1.2000 0.0000 130.0000 0 0 -0.0000 1 0
4 -1.2000 0.0000 140.0000 0 0 -0.0000 1 0
4 -1.2000 0.0000 150.0000 0 0 -0.0000 1 0
4 -1.2000 0.0000 160.0000 0 0 -0.0000 1 0
4 -1.2000 0.0000 170.0000 0 0 -0.0000 1 0
4 -1.2000 0.0000 180.0000 0 0 -0.0000 1 0
4 -1.2000 0.0000 190.0000 0 0 -0.0000 1 0
7 -1.2000 0.0000 200.0000 0 0 -0.0000 1 0
7 -1.2000 1.9383 209.7448 0 0 -0.3927 1 0
7 -1.2000 7.4582 218.0061 0 0 -0.7854 1 0
7 -1.2000 15.7194 223.5261 0 0 -1.1781 1 0
7 -1.2000 25.4642 225.4645 0 0 -1.5708 1 0
7 -1.2000 35.2090 223.5262 0 0 -1.9635 1 0
7 -1.2000 43.4703 218.0063 0 0 -2.3562 1 0
9 -1.2000 48.9903 209.7451 0 0 -2.7489 1 0
9 -0.4000 52.8171 200.5063 0 0 -2.7489 1 0
9 0.4000 56.6440 191.2675 0 0 -2.7489 1 0
9 1.2000 60.4708 182.0287 0 0 -2.7489 1 0
9 2.0000 64.2976 172.7899 0 0 -2.7489 1 0
9 2.8000 68.1245 163.5511 0 0 -2.7489 1 0
9 3.6000 71.9513 154.3123 0 0 -2.7489 1 0
9 4.4000 75.7781 145.0735 0 0 -2.7489 1 0
9 5.2000 79.6050 135.8347 0 0 -2.7489 1 0
9 6.0000 83.4318 126.5959 0 0 -2.7489 1 0
9 6.8000 87.2586 117.3571 0 0 -2.7489 1 0
6 7.6000 91.0855 108.1183 0 0 -2.7489 1 0
6 7.6000 97.9761 101.2276 0 0 -1.9635 1 0
6 7.6000 107.7210 101.2276 0 0 -1.1781 1 0
6 7.6000 114.6117 108.1183 0 0 -0.3927 1 0
9 7.6000 114.6117 117.8632 0 0 0.3927 1 0
9 8.4000 110.7849 127.1020 0 0 0.3927 1 0
9 9.2000 106.9580 136.3408 0 0 0.3927 1 0
9 10.0000 103.1312 145.5796 0 0 0.3927 1 0
9 10.8000 99.3044 154.8184 0 0 0.3927 1 0
9 11.6000 95.4775 164.0572 0 0 0.3927 1 0
9 12.4000 91.6507 173.2960 0 0 0.3927 1 0
9 13.2000 87.8239 182.5348 0 0 0.3927 1 0
9 14.0000 83.9970 191.7736 0 0 0.3927 1 0
9 14.8000 80.1702 201.0124 0 0 0.3927 1 0
9 15.6000 76.3434 210.2511 0 0 0.3927 1 0
8 16.4000 72.5165 219.4899 0 0 0.3927 1 0
8 16.4000 72.5165 229.2348 0 0 -0.3927 1 0
8 16.4000 79.4072 236.1255 0 0 -1.1781 1 0
8 16.4000 89.1521 236.1255 0 0 -1.9635 1 0
9 16.4000 96.0427 229.2348 0 0 -2.7489 1 0
9 17.2000 99.8696 219.9960 0 0 -2.7489 1 0
9 18.0000 103.6964 210.7572 0 0 -2.7489 1 0
9 18.8000 107.5232 201.5185 0 0 -2.7489 1 0
9 19.6000 111.3501 192.2797 0 0 -2.7489 1 0
9 20.4000 115.1769 183.0409 0 0 -2.7489 1 0
9 21.2000 119.0037 173.8021 0 0 -2.7489 1 0
9 22.0000 122.8306 164.5633 0 0 -2.7489 1 0
9 22.8000 126.6574 155.3245 0 0 -2.7489 1 0
9 23.6000 130.4842 146.0857 0 0 -2.7489 1 0
9 24.4000 134.3111 136.8469 0 0 -2.7489 1 0
6 25.2000 138.1379 127.6081 0 0 -2.7489 1 0
6 25.2000 145.0286 120.7174 0 0 -1.9635 1 0
6 25.2000 154.7735 120.7174 0 0 -1.1781 1 0
6 25.2000 161.6641 127.6081 0 0 -0.3927 1 0
9 25.2000 161.6641 137.3530 0 0 0.3927 1 0
9 26.0000 157.8373 146.5917 0 0 0.3927 1 0
9 26.8000 154.0105 155.8305 0 0 0.3927 1 0
9 27.6000 150.1836 165.0693 0 0 0.3927 1 0
9 28.4000 146.3568 174.3081 0 0 0.3927 1 0
9 29.2000 142.5300 183.5469 0 0 0.3927 1 0
9 30.0000 138.7031 192.7857 0 0 0.3927 1 0
9 30.8000 134.8763 202.0245 0 0 0.3927 1 0
9 31.6000 131.0495 211.2633 0 0 0.3927 1 0
7 32.4000 127.2226 220.5021 0 0 0.3927 1 0
7 32.4000 125.2842 230.2469 0 0 -0.0000 1 0
7 32.4000 127.2225 239.9917 0 0 -0.3927 1 0
7 32.4000 132.7424 248.2530 0 0 -0.7854 1 0
7 32.4000 141.0036 253.7730 0 0 -1.1781 1 0
7 32.4000 150.7484 255.7114 0 0 -1.5708 1 0
7 32.4000 160.4932 253.7731 0 0 -1.9635 1 0
7 32.4000 168.7545 248.2532 0 0 -2.3562 1 0
4 32.4000 174.2745 239.9920 0 0 -2.7489 1 0
4 32.4000 178.1013 230.7532 0 0 -2.7489 1 0
8 32.4000 181.9282 221.5144 0 0 -2.7489 1 0
8 32.4000 181.9282 211.7695 0 0 -3.5343 1 0
14 32.4000 175.0375 204.8788 0 0 -4.3197 1 0
26 34.8000 165.7987 201.0520 0 0 -4.3197 1 0
15 37.2000 156.5599 197.2252 0 0 -4.3197 1 0
15 37.2000 147.3211 193.3983 0 0 -4.3197 1 0
15 37.2000 138.0823 189.5715 0 0 -4.3197 1 0
15 37.2000 128.8435 185.7447 0 0 -4.3197 1 0
26 34.8000 110.3659 178.0910 0 0 -1.1781 1 0
26 32.4000 101.1271 174.2642 0 0 -1.1781 1 0
26 30.0000 91.8883 170.4373 0 0 -1.1781 1 0
26 27.6000 82.6495 166.6105 0 0 -1.1781 1 0
26 25.2000 73.4108 162.7837 0 0 -1.1781 1 0
26 22.8000 64.1720 158.9568 0 0 -1.1781 1 0
26 20.4000 54.9332 155.1300 0 0 -1.1781 1 0
26 18.0000 45.6944 151.3032 0 0 -1.1781 1 0
26 15.6000 36.4556 147.4763 0 0 -1.1781 1 0
26 13.2000 27.2168 143.6495 0 0 -1.1781 1 0
26 10.8000 17.9780 139.8227 0 0 -1.1781 1 0
26 8.4000 8.7392 135.9958 0 0 -1.1781 1 0
26 6.0000 -0.4996 132.1690 0 0 -1.1781 1 0
26 3.6000 -9.7384 128.3422 0 0 -1.1781 1 0
26 1.2000 -18.9772 124.5153 0 0 -1.1781 1 0
26 -1.2000 -28.2160 120.6885 0 0 -1.1781 1 0
12 -1.2000 -28.2160 120.6885 0 0 -4.3197 1 0
13 -1.2000 -37.4548 116.8617 0 0 -4.3197 1 0
13 -1.2000 -46.6936 113.0348 0 0 -4.3197 1 0
13 -1.2000 -55.9324 109.2080 0 0 -4.3197 1 0
13 -1.2000 -65.1712 105.3812 0 0 -4.3197 1 0
13 -1.2000 -74.4100 101.5543 0 0 -4.3197 1 0
13 -1.2000 -83.6488 97.7275 0 0 -4.3197 1 0
13 -1.2000 -92.8876 93.9007 0 0 -4.3197 1 0
13 -1.2000 -102.1264 90.0738 0 0 -4.3197 1 0
13 -1.2000 -111.3652 86.2470 0 0 -4.3197 1 0
13 -1.2000 -120.6040 82.4202 0 0 -4.3197 1 0
13 -1.2000 -129.8428 78.5933 0 0 -4.3197 1 0
13 -1.2000 -139.0816 74.7665 0 0 -4.3197 1 0
13 -1.2000 -148.3204 70.9397 0 0 -4.3197 1 0
13 -1.2000 -157.5591 67.1128 0 0 -4.3197 1 0
12 -1.2000 -176.0367 59.4592 0 0 -1.1781 1 0
5 -1.2000 -176.0367 59.4592 0 0 -4.3197 1 0
5 -1.2000 -184.2980 53.9393 0 0 -3.9270 1 0
5 -1.2000 -189.8180 45.6781 0 0 -3.5343 1 0
5 -1.2000 -191.7565 35.9333 0 0 -3.1416 1 0
12 -1.2000 -189.8182 26.1885 0 0 -2.7489 1 0
13 -1.2000 -185.9913 16.9497 0 0 -2.7489 1 0
13 -1.2000 -182.1645 7.7109 0 0 -2.7489 1 0
13 -1.2000 -178.3377 -1.5279 0 0 -2.7489 1 0
13 -1.2000 -174.5108 -10.7667 0 0 -2.7489 1 0
13 -1.2000 -170.6840 -20.0055 0 0 -2.7489 1 0
13 -1.2000 -166.8572 -29.2443 0 0 -2.7489 1 0
13 -1.2000 -163.0303 -38.4831 0 0 -2.7489 1 0
13 -1.2000 -159.2035 -47.7219 0 0 -2.7489 1 0
12 -1.2000 -151.5498 -66.1995 0 0 0.3927 1 0
4 -1.2000 -151.5498 -66.1995 0 0 -2.7489 1 0
4 -1.2000 -147.7230 -75.4383 0 0 -2.7489 1 0
4 -1.2000 -143.8962 -84.6771 0 0 -2.7489 1 0
4 -1.2000 -140.0693 -93.9159 0 0 -2.7489 1 0
4 -1.2000 -136.2425 -103.1547 0 0 -2.7489 1 0
4 -1.2000 -132.4157 -112.3935 0 0 -2.7489 1 0
4 -1.2000 -128.5888 -121.6323 0 0 -2.7489 1 0
4 -1.2000 -124.7620 -130.8710 0 0 -2.7489 1 0
4 -1.2000 -120.9352 -140.1098 0 0 -2.7489 1 0
4 -1.2000 -117.1083 -149.3486 0 0 -2.7489 1 0
4 -1.2000 -113.2815 -158.5874 0 0 -2.7489 1 0
4 -1.2000 -109.4547 -167.8262 0 0 -2.7489 1 0
4 -1.2000 -105.6278 -177.0650 0 0 -2.7489 1 0
4 -1.2000 -101.8010 -186.3038 0 0 -2.7489 1 0
4 -1.2000 -97.9742 -195.5426 0 0 -2.7489 1 0
4 -1.2000 -94.1473 -204.7814 0 0 -2.7489 1 0
4 -1.2000 -90.3205 -214.0202 0 0 -2.7489 1 0
4 -1.2000 -86.4937 -223.2590 0 0 -2.7489 1 0
4 -1.2000 -82.6668 -232.4978 0 0 -2.7489 1 0
4 -1.2000 -78.8400 -241.7366 0 0 -2.7489 1 0
4 -1.2000 -75.0132 -250.9754 0 0 -2.7489 1 0
4 -1.2000 -71.1863 -260.2142 0 0 -2.7489 1 0
7 -1.2000 -67.3595 -269.4530 0 0 -2.7489 1 0
7 -1.2000 -65.4211 -279.1978 0 0 -3.1416 1 0
7 -1.2000 -67.3594 -288.9426 0 0 -3.5343 1 0
7 -1.2000 -72.8793 -297.2038 0 0 -3.9270 1 0
4 -1.2000 -81.1405 -302.7239 0 0 -4.3197 1 0
4 -1.2000 -90.3793 -306.5507 0 0 -4.3197 1 0
4 -1.2000 -99.6181 -310.3775 0 0 -4.3197 1 0
4 -1.2000 -108.8569 -314.2044 0 0 -4.3197 1 0
4 -1.2000 -118.0957 -318.0312 0 0 -4.3197 1 0
4 -1.2000 -127.3345 -321.8580 0 0 -4.3197 1 0
4 -1.2000 -136.5733 -325.6849 0 0 -4.3197 1 0
4 -1.2000 -145.8121 -329.5117 0 0 -4.3197 1 0
4 -1.2000 -155.0509 -333.3385 0 0 -4.3197 1 0
4 -1.2000 -164.2897 -337.1653 0 0 -4.3197 1 0
4 -1.2000 -173.5285 -340.9922 0 0 -4.3197 1 0
4 -1.2000 -182.7673 -344.8190 0 0 -4.3197 1 0
4 -1.2000 -192.0061 -348.6458 0 0 -4.3197 1 0
4 -1.2000 -201.2449 -352.4727 0 0 -4.3197 1 0
4 -1.2000 -210.4837 -356.2995 0 0 -4.3197 1 0
4 -1.2000 -219.7225 -360.1263 0 0 -4.3197 1 0
4 -1.2000 -228.9613 -363.9532 0 0 -4.3197 1 0
4 -1.2000 -238.2000 -367.7800 0 0 -4.3197 1 0
4 -1.2000 -247.4388 -371.6068 0 0 -4.3197 1 0
4 -1.2000 -256.6776 -375.4337 0 0 -4.3197 1 0
4 -1.2000 -265.9164 -379.2605 0 0 -4.3197 1 0
4 -1.2000 -275.1552 -383.0873 0 0 -4.3197 1 0
4 -1.2000 -284.3940 -386.9142 0 0 -4.3197 1 0
4 -1.2000 -293.6328 -390.7410 0 0 -4.3197 1 0
4 -1.2000 -302.8716 -394.5678 0 0 -4.3197 1 0
4 -1.2000 -312.1104 -398.3947 0 0 -4.3197 1 0
4 -1.2000 -321.3492 -402.2215 0 0 -4.3197 1 0
4 -1.2000 -330.5880 -406.0483 0 0 -4.3197 1 0
4 -1.2000 -339.8268 -409.8752 0 0 -4.3197 1 0
4 -1.2000 -349.0656 -413.7020 0 0 -4.3197 1 0
4 -1.2000 -358.3044 -417.5288 0 0 -4.3197 1 0
4 -1.2000 -367.5432 -421.3557 0 0 -4.3197 1 0
6 -1.2000 -376.7820 -425.1825 0 0 -4.3197 1 0
6 -1.2000 -383.6727 -432.0732 0 0 -3.5343 1 0
6 -1.2000 -383.6727 -441.8180 0 0 -2.7489 1 0
6 -1.2000 -376.7820 -448.7087 0 0 -1.9635 1 0
12 -1.2000 -367.0371 -448.7087 0 0 -1.1781 1 0
13 -1.2000 -357.7983 -444.8819 0 0 -1.1781 1 0
13 -1.2000 -348.5595 -441.0551 0 0 -1.1781 1 0
13 -1.2000 -339.3207 -437.2282 0 0 -1.1781 1 0
13 -1.2000 -330.0819 -433.4014 0 0 -1.1781 1 0
13 -1.2000 -320.8431 -429.5746 0 0 -1.1781 1 0
13 -1.2000 -311.6044 -425.7477 0 0 -1.1781 1 0
13 -1.2000 -302.3656 -421.9209 0 0 -1.1781 1 0
13 -1.2000 -293.1268 -418.0941 0 0 -1.1781 1 0
13 -1.2000 -283.8880 -414.2672 0 0 -1.1781 1 0
13 -1.2000 -274.6492 -410.4404 0 0 -1.1781 1 0
13 -1.2000 -265.4104 -406.6136 0 0 -1.1781 1 0
13 -1.2000 -256.1716 -402.7867 0 0 -1.1781 1 0
13 -1.2000 -246.9328 -398.9599 0 0 -1.1781 1 0
13 -1.2000 -237.6940 -395.1331 0 0 -1.1781 1 0
13 -1.2000 -228.4552 -391.3062 0 0 -1.1781 1 0
13 -1.2000 -219.2164 -387.4794 0 0 -1.1781 1 0
13 -1.2000 -209.9776 -383.6526 0 0 -1.1781 1 0
13 -1.2000 -200.7388 -379.8257 0 0 -1.1781 1 0
13 -1.2000 -191.5000 -375.9989 0 0 -1.1781 1 0
13 -1.2000 -182.2612 -372.1721 0 0 -1.1781 1 0
13 -1.2000 -173.0224 -368.3452 0 0 -1.1781 1 0
13 -1.2000 -163.7836 -364.5184 0 0 -1.1781 1 0
13 -1.2000 -154.5448 -360.6916 0 0 -1.1781 1 0
13 -1.2000 -145.3060 -356.8647 0 0 -1.1781 1 0
13 -1.2000 -136.0672 -353.0379 0 0 -1.1781 1 0
13 -1.2000 -126.8284 -349.2110 0 0 -1.1781 1 0
13 -1.2000 -117.5896 -345.3842 0 0 -1.1781 1 0
13 -1.2000 -108.3509 -341.5574 0 0 -1.1781 1 0
13 -1.2000 -99.1121 -337.7305 0 0 -1.1781 1 0
12 -1.2000 -80.6345 -330.0769 0 0 1.9635 1 0
8 -1.2000 -80.6345 -330.0769 0 0 -1.1781 1 0
8 -1.2000 -70.8896 -330.0769 0 0 -1.9635 1 0
8 -1.2000 -63.9989 -336.9675 0 0 -2.7489 1 0
8 -1.2000 -63.9989 -346.7124 0 0 -3.5343 1 0
4 -1.2000 -70.8896 -353.6031 0 0 -4.3197 1 0
4 -1.2000 -80.1284 -357.4299 0 0 -4.3197 1 0
4 -1.2000 -89.3672 -361.2568 0 0 -4.3197 1 0
4 -1.2000 -98.6060 -365.0836 0 0 -4.3197 1 0
4 -1.2000 -107.8448 -368.9104 0 0 -4.3197 1 0
4 -1.2000 -117.0836 -372.7373 0 0 -4.3197 1 0
4 -1.2000 -126.3223 -376.5641 0 0 -4.3197 1 0
4 -1.2000 -135.5611 -380.3909 0 0 -4.3197 1 0
4 -1.2000 -144.7999 -384.2178 0 0 -4.3197 1 0
4 -1.2000 -154.0387 -388.0446 0 0 -4.3197 1 0
4 -1.2000 -163.2775 -391.8714 0 0 -4.3197 1 0
4 -1.2000 -172.5163 -395.6983 0 0 -4.3197 1 0
4 -1.2000 -181.7551 -399.5251 0 0 -4.3197 1 0
4 -1.2000 -190.9939 -403.3519 0 0 -4.3197 1 0
4 -1.2000 -200.2327 -407.1788 0 0 -4.3197 1 0
4 -1.2000 -209.4715 -411.0056 0 0 -4.3197 1 0
4 -1.2000 -218.7103 -414.8324 0 0 -4.3197 1 0
4 -1.2000 -227.9491 -418.6593 0 0 -4.3197 1 0
4 -1.2000 -237.1879 -422.4861 0 0 -4.3197 1 0
4 -1.2000 -246.4267 -426.3129 0 0 -4.3197 1 0
4 -1.2000 -255.6655 -430.1398 0 0 -4.3197 1 0
4 -1.2000 -264.9043 -433.9666 0 0 -4.3197 1 0
4 -1.2000 -274.1431 -437.7934 0 0 -4.3197 1 0
4 -1.2000 -283.3819 -441.6202 0 0 -4.3197 1 0
4 -1.2000 -292.6207 -445.4471 0 0 -4.3197 1 0
4 -1.2000 -301.8595 -449.2739 0 0 -4.3197 1 0
4 -1.2000 -311.0983 -453.1007 0 0 -4.3197 1 0
4 -1.2000 -320.3371 -456.9276 0 0 -4.3197 1 0
4 -1.2000 -329.5759 -460.7544 0 0 -4.3197 1 0
4 -1.2000 -338.8147 -464.5812 0 0 -4.3197 1 0
4 -1.2000 -348.0535 -468.4081 0 0 -4.3197 1 0
4 -1.2000 -357.2922 -472.2349 0 0 -4.3197 1 0
4 -1.2000 -366.5310 -476.0617 0 0 -4.3197 1 0
4 -1.2000 -375.7698 -479.8886 0 0 -4.3197 1 0
4 -1.2000 -385.0086 -483.7154 0 0 -4.3197 1 0
7 -1.2000 -394.2474 -487.5422 0 0 -4.3197 1 0
7 -1.2000 -403.9922 -489.4807 0 0 -4.7124 1 0
7 -1.2000 -413.7370 -487.5424 0 0 -5.1051 1 0
7 -1.2000 -421.9983 -482.0224 0 0 -5.4978 1 0
4 -1.2000 -427.5183 -473.7612 0 0 -5.8905 1 0
4 -1.2000 -431.3451 -464.5224 0 0 -5.8905 1 0
4 -1.2000 -435.1720 -455.2836 0 0 -5.8905 1 0
4 -1.2000 -438.9988 -446.0448 0 0 -5.8905 1 0
4 -1.2000 -442.8256 -436.8060 0 0 -5.8905 1 0
4 -1.2000 -446.6525 -427.5672 0 0 -5.8905 1 0
4 -1.2000 -450.4793 -418.3284 0 0 -5.8905 1 0
4 -1.2000 -454.3061 -409.0896 0 0 -5.8905 1 0
9 -1.2000 -458.1330 -399.8509 0 0 -5.8905 1 0
9 -0.4000 -461.9598 -390.6121 0 0 -5.8905 1 0
9 0.4000 -465.7866 -381.3733 0 0 -5.8905 1 0
9 1.2000 -469.6135 -372.1345 0 0 -5.8905 1 0
9 2.0000 -473.4403 -362.8957 0 0 -5.8905 1 0
9 2.8000 -477.2671 -353.6569 0 0 -5.8905 1 0
4 3.6000 -481.0939 -344.4181 0 0 -5.8905 1 0
4 3.6000 -484.9208 -335.1793 0 0 -5.8905 1 0
9 2.8000 -492.5744 -316.7017 0 0 -2.7489 1 0
9 2.0000 -496.4013 -307.4629 0 0 -2.7489 1 0
9 1.2000 -500.2281 -298.2241 0 0 -2.7489 1 0
9 0.4000 -504.0549 -288.9853 0 0 -2.7489 1 0
9 -0.4000 -507.8818 -279.7465 0 0 -2.7489 1 0
4 -0.4000 -507.8818 -279.7465 0 0 -5.8905 1 0
4 -0.4000 -511.7086 -270.5077 0 0 -5.8905 1 0
4 -0.4000 -515.5354 -261.2689 0 0 -5.8905 1 0
4 -0.4000 -519.3623 -252.0301 0 0 -5.8905 1 0
4 -0.4000 -523.1891 -242.7913 0 0 -5.8905 1 0
4 -0.4000 -527.0159 -233.5525 0 0 -5.8905 1 0
5 -0.4000 -530.8428 -224.3137 0 0 -5.8905 1 0
4 -0.4000 -536.3627 -216.0525 0 0 -5.4978 1 0
4 -0.4000 -543.4338 -208.9814 0 0 -5.4978 1 0
4 -0.4000 -550.5048 -201.9103 0 0 -5.4978 1 0
4 -0.4000 -557.5759 -194.8392 0 0 -5.4978 1 0
4 -0.4000 -564.6470 -187.7682 0 0 -5.4978 1 0
4 -0.4000 -571.7180 -180.6971 0 0 -5.4978 1 0
4 -0.4000 -578.7891 -173.6260 0 0 -5.4978 1 0
4 -0.4000 -585.8601 -166.5550 0 0 -5.4978 1 0
4 -0.4000 -592.9312 -159.4839 0 0 -5.4978 1 0
4 -0.4000 -600.0023 -152.4128 0 0 -5.4978 1 0
12 -0.4000 -607.0733 -145.3418 0 0 -5.4978 1 0
13 -0.4000 -614.1444 -138.2707 0 0 -5.4978 1 0
13 -0.4000 -621.2155 -131.1996 0 0 -5.4978 1 0
13 -0.4000 -628.2865 -124.1285 0 0 -5.4978 1 0
13 -0.4000 -635.3576 -117.0575 0 0 -5.4978 1 0
13 -0.4000 -642.4287 -109.9864 0 0 -5.4978 1 0
13 -0.4000 -649.4997 -102.9153 0 0 -5.4978 1 0
13 -0.4000 -656.5708 -95.8443 0 0 -5.4978 1 0
13 -0.4000 -663.6419 -88.7732 0 0 -5.4978 1 0
13 -0.4000 -670.7129 -81.7021 0 0 -5.4978 1 0
12 -0.4000 -684.8551 -67.5600 0 0 -2.3562 1 0
15 -0.4000 -684.8551 -67.5600 0 0 -5.4978 1 0
15 -0.4000 -691.9261 -60.4889 0 0 -5.4978 1 0
15 -0.4000 -698.9972 -53.4179 0 0 -5.4978 1 0
15 -0.4000 -706.0683 -46.3468 0 0 -5.4978 1 0
15 -0.4000 -713.1393 -39.2757 0 0 -5.4978 1 0
15 -0.4000 -720.2104 -32.2046 0 0 -5.4978 1 0
15 -0.4000 -727.2815 -25.1336 0 0 -5.4978 1 0
12 -0.4000 -734.3525 -18.0625 0 0 -5.4978 1 0
13 -0.4000 -741.4236 -10.9914 0 0 -5.4978 1 0
13 -0.4000 -748.4947 -3.9204 0 0 -5.4978 1 0
13 -0.4000 -755.5657 3.1507 0 0 -5.4978 1 0
12 -0.4000 -769.7079 17.2928 0 0 -2.3562 1 0
4 -0.4000 -769.7079 17.2928 0 0 -5.4978 1 0
4 -0.4000 -776.7789 24.3639 0 0 -5.4978 1 0
7 -0.4000 -783.8500 31.4350 0 0 -5.4978 1 0
7 -0.4000 -789.3700 39.6962 0 0 -5.8905 1 0
7 -0.4000 -791.3084 49.4410 0 0 -6.2832 1 0
7 -0.4000 -789.3701 59.1858 0 0 -6.6759 1 0
7 -0.4000 -783.8502 67.4470 0 0 -7.0686 1 0
7 -0.4000 -775.5890 72.9671 0 0 -7.4613 1 0
7 -0.4000 -765.8442 74.9055 0 0 -7.8540 1 0
7 -0.4000 -756.0994 72.9672 0 0 -8.2467 1 0
7 -0.4000 -747.8382 67.4472 0 0 -8.6394 1 0
4 -0.4000 -742.3181 59.1860 0 0 -9.0321 1 0
4 -0.4000 -738.4913 49.9472 0 0 -9.0321 1 0
9 -1.2000 -730.8376 31.4696 0 0 -5.8905 1 0
10 -2.8000 -727.0108 22.2308 0 0 -5.8905 1 0
9 -3.6000 -723.1840 12.9920 0 0 -5.8905 1 0
4 -3.6000 -723.1840 12.9920 0 0 -9.0321 1 0
4 -3.6000 -719.3572 3.7532 0 0 -9.0321 1 0
4 -3.6000 -715.5303 -5.4855 0 0 -9.0321 1 0
6 -3.6000 -711.7035 -14.7243 0 0 -9.0321 1 0
6 -3.6000 -704.8128 -21.6150 0 0 -8.2467 1 0
4 -3.6000 -695.0679 -21.6150 0 0 -7.4613 1 0
4 -3.6000 -685.8291 -17.7882 0 0 -7.4613 1 0
4 -3.6000 -676.5904 -13.9614 0 0 -7.4613 1 0
4 -3.6000 -667.3516 -10.1345 0 0 -7.4613 1 0
4 -3.6000 -658.1128 -6.3077 0 0 -7.4613 1 0
9 -3.6000 -648.8740 -2.4809 0 0 -7.4613 1 0
9 -2.8000 -639.6352 1.3460 0 0 -7.4613 1 0
10 -2.0000 -630.3964 5.1728 0 0 -7.4613 1 0
10 -0.4000 -621.1576 8.9996 0 0 -7.4613 1 0
10 1.2000 -611.9188 12.8264 0 0 -7.4613 1 0
10 2.8000 -602.6800 16.6533 0 0 -7.4613 1 0
9 4.4000 -593.4412 20.4801 0 0 -7.4613 1 0
4 5.2000 -584.2024 24.3069 0 0 -7.4613 1 0
4 5.2000 -574.9636 28.1338 0 0 -7.4613 1 0
4 5.2000 -565.7248 31.9606 0 0 -7.4613 1 0
4 5.2000 -556.4860 35.7874 0 0 -7.4613 1 0
4 5.2000 -547.2472 39.6143 0 0 -7.4613 1 0
4 5.2000 -538.0084 43.4411 0 0 -7.4613 1 0
7 5.2000 -528.7696 47.2679 0 0 -7.4613 1 0
7 5.2000 -519.0248 49.2063 0 0 -7.8540 1 0
5 5.2000 -509.2800 47.2680 0 0 -8.2467 1 0
4 5.2000 -499.5353 45.3296 0 0 -7.8540 1 0
4 5.2000 -489.5353 45.3296 0 0 -7.8540 1 0
4 5.2000 -479.5353 45.3296 0 0 -7.8540 1 0
4 5.2000 -469.5353 45.3296 0 0 -7.8540 1 0
4 5.2000 -459.5353 45.3296 0 0 -7.8540 1 0
4 5.2000 -449.5353 45.3296 0 0 -7.8540 1 0
4 5.2000 -439.5353 45.3296 0 0 -7.8540 1 0
4 5.2000 -429.5353 45.3296 0 0 -7.8540 1 0
9 4.4000 -409.5353 45.3296 0 0 -4.7124 1 0
10 2.8000 -399.5353 45.3296 0 0 -4.7124 1 0
11 0.4000 -389.5353 45.3296 0 0 -4.7124 1 0
11 -2.0000 -379.5353 45.3296 0 0 -4.7124 1 0
10 -3.6000 -369.5353 45.3296 0 0 -4.7124 1 0
9 -4.4000 -359.5353 45.3296 0 0 -4.7124 1 0
4 -4.4000 -359.5353 45.3296 0 0 -7.8540 1 0
4 -4.4000 -349.5353 45.3296 0 0 -7.8540 1 0
4 -4.4000 -339.5353 45.3296 0 0 -7.8540 1 0
4 -4.4000 -329.5353 45.3296 0 0 -7.8540 1 0
4 -4.4000 -319.5353 45.3295 0 0 -7.8540 1 0
4 -4.4000 -309.5353 45.3295 0 0 -7.8540 1 0
4 -4.4000 -299.5353 45.3295 0 0 -7.8540 1 0
4 -4.4000 -289.5353 45.3295 0 0 -7.8540 1 0
4 -4.4000 -279.5353 45.3295 0 0 -7.8540 1 0
4 -4.4000 -269.5353 45.3295 0 0 -7.8540 1 0
4 -4.4000 -259.5353 45.3295 0 0 -7.8540 1 0
5 -4.4000 -249.5353 45.3295 0 0 -7.8540 1 0
5 -4.4000 -239.7905 47.2678 0 0 -7.4613 1 0
5 -4.4000 -231.5292 52.7877 0 0 -7.0686 1 0
4 -4.4000 -226.0092 61.0489 0 0 -6.6759 1 0
4 -4.4000 -222.1823 70.2877 0 0 -6.6759 1 0
4 -4.4000 -218.3555 79.5265 0 0 -6.6759 1 0
4 -4.4000 -214.5286 88.7653 0 0 -6.6759 1 0
21 -4.4000 -210.7018 98.0041 0 0 -6.6759 5 0
16 -4.4000 -218.3555 79.5265 0 0 -6.6759 2 0
17 -1.2000 -5.3000 40.0042 0 0 0.0000 2 0
18 -1.2000 5.3000 39.9958 0 0 0.0000 2 0
19 -1.2000 -5.5000 60.0044 0 0 3.1416 2 0
17 -1.2000 -5.3000 80.0042 0 0 0.0000 2 0
18 -1.2000 -5.3000 100.0042 0 0 0.0000 2 0
18 -1.2000 5.3000 99.9958 0 0 0.0000 2 0
17 -1.2000 -5.3000 120.0042 0 0 0.0000 2 0
17 -1.2000 5.3000 119.9958 0 0 0.0000 2 0
18 -1.2000 -5.3000 140.0042 0 0 0.0000 2 0
17 -1.2000 5.3000 139.9958 0 0 0.0000 2 0
17 -1.2000 5.3000 159.9958 0 0 0.0000 2 0
17 -1.2000 -5.3000 180.0042 0 0 0.0000 2 0
18 -1.2000 5.3000 179.9958 0 0 0.0000 2 0
20 -1.2000 5.5000 199.9956 0 0 -0.0000 2 0
18 -1.2000 3.7135 221.7567 0 0 0.7854 2 0
18 -1.2000 11.2029 214.2554 0 0 0.7854 2 0
17 -1.2000 25.4684 230.7645 0 0 1.5708 2 0
18 -1.2000 25.4600 220.1645 0 0 1.5708 2 0
17 -1.2000 47.2209 221.7510 0 0 2.3562 2 0
17 -1.2000 39.7196 214.2616 0 0 2.3562 2 0
18 -0.6000 57.7153 202.5306 0 0 2.7489 2 0
18 1.0000 65.3690 184.0530 0 0 2.7489 2 0
17 1.0000 55.5726 180.0044 0 0 2.7489 2 0
17 2.6000 73.0226 165.5754 0 0 2.7489 2 0
24 4.2000 80.6763 147.0978 0 0 2.7489 2 0
18 4.2000 70.8800 143.0492 0 0 2.7489 2 0
18 5.8000 88.3300 128.6202 0 0 2.7489 2 0
24 5.8000 78.5336 124.5716 0 0 2.7489 2 0
17 7.4000 95.9836 110.1426 0 0 2.7489 2 0
17 7.4000 86.1873 106.0940 0 0 2.7489 2 0
17 7.6000 105.6967 106.1258 0 0 1.1781 2 0
18 7.6000 109.7453 96.3295 0 0 1.1781 2 0
17 7.4000 109.7135 115.8389 0 0 -0.3927 2 0
18 7.4000 119.5099 119.8875 0 0 -0.3927 2 0
17 9.0000 102.0599 134.3165 0 0 -0.3927 2 0
17 9.0000 111.8562 138.3651 0 0 -0.3927 2 0
17 10.6000 94.4062 152.7941 0 0 -0.3927 2 0
17 10.6000 104.2025 156.8427 0 0 -0.3927 2 0
18 12.2000 86.7525 171.2716 0 0 -0.3927 2 0
17 12.2000 96.5489 175.3203 0 0 -0.3927 2 0
18 13.8000 79.0988 189.7492 0 0 -0.3927 2 0
18 13.8000 88.8952 193.7979 0 0 -0.3927 2 0
17 16.2000 67.6216 231.2669 0 0 0.3927 2 0
18 16.2000 77.4115 227.2027 0 0 0.3927 2 0
17 16.4000 91.1842 241.0205 0 0 1.9635 2 0
24 17.0000 104.7677 222.0204 0 0 2.7489 2 0
17 17.0000 94.9714 217.9717 0 0 2.7489 2 0
24 18.6000 112.4214 203.5428 0 0 2.7489 2 0
18 20.2000 120.0751 185.0652 0 0 2.7489 2 0
17 20.2000 110.2787 181.0165 0 0 2.7489 2 0
18 23.4000 135.3824 148.1100 0 0 2.7489 2 0
17 23.4000 125.5861 144.0614 0 0 2.7489 2 0
18 25.0000 143.0361 129.6324 0 0 2.7489 2 0
18 25.2000 152.7491 125.6156 0 0 1.1781 2 0
17 25.2000 156.7978 115.8192 0 0 1.1781 2 0
17 25.0000 156.7660 135.3286 0 0 -0.3927 2 0
17 25.0000 166.5623 139.3773 0 0 -0.3927 2 0
18 26.6000 149.1123 153.8062 0 0 -0.3927 2 0
18 28.2000 141.4586 172.2838 0 0 -0.3927 2 0
18 29.8000 133.8050 190.7614 0 0 -0.3927 2 0
24 29.8000 143.6013 194.8100 0 0 -0.3927 2 0
18 31.4000 126.1513 209.2390 0 0 -0.3927 2 0
18 31.4000 135.9476 213.2876 0 0 -0.3927 2 0
17 32.2000 119.9842 230.2511 0 0 0.0000 2 0
17 32.4000 128.9978 252.0036 0 0 0.7854 2 0
18 32.4000 136.4871 244.5023 0 0 0.7854 2 0
18 32.4000 150.7526 261.0114 0 0 1.5708 2 0
18 32.4000 150.7442 250.4114 0 0 1.5708 2 0
18 32.4000 172.5051 251.9978 0 0 2.3562 2 0
18 32.4000 165.0038 244.5085 0 0 2.3562 2 0
17 32.4000 182.9995 232.7775 0 0 2.7489 2 0
17 32.4000 173.2032 228.7288 0 0 2.7489 2 0
18 32.4000 186.8231 209.7374 0 0 3.5343 2 0
17 32.4000 177.0332 213.8016 0 0 3.5343 2 0
18 -1.2000 -186.4565 35.9291 0 0 3.1416 2 0
18 -1.2000 -135.1712 -91.8915 0 0 2.7489 2 0
20 -1.2000 -145.1523 -96.0166 0 0 -2.7489 2 0
17 -1.2000 -127.5175 -110.3691 0 0 2.7489 2 0
24 -1.2000 -137.3138 -114.4178 0 0 2.7489 2 0
18 -1.2000 -119.8638 -128.8467 0 0 2.7489 2 0
20 -1.2000 -129.8450 -132.9718 0 0 -2.7489 2 0
18 -1.2000 -112.2102 -147.3243 0 0 2.7489 2 0
17 -1.2000 -122.0065 -151.3730 0 0 2.7489 2 0
18 -1.2000 -96.9028 -184.2795 0 0 2.7489 2 0
18 -1.2000 -106.6992 -188.3281 0 0 2.7489 2 0
17 -1.2000 -89.2492 -202.7571 0 0 2.7489 2 0
17 -1.2000 -99.0455 -206.8057 0 0 2.7489 2 0
17 -1.2000 -81.5955 -221.2347 0 0 2.7489 2 0
18 -1.2000 -91.3918 -225.2833 0 0 2.7489 2 0
17 -1.2000 -73.9418 -239.7123 0 0 2.7489 2 0
20 -1.2000 -83.9230 -243.8373 0 0 -2.7489 2 0
18 -1.2000 -66.2882 -258.1899 0 0 2.7489 2 0
24 -1.2000 -76.0845 -262.2385 0 0 2.7489 2 0
17 -1.2000 -60.1211 -279.2020 0 0 3.1416 2 0
18 -1.2000 -69.1346 -300.9545 0 0 3.9270 2 0
24 -1.2000 -76.6240 -293.4532 0 0 3.9270 2 0
17 -1.2000 -92.4036 -301.6525 0 0 4.3197 2 0
18 -1.2000 -106.8326 -319.1025 0 0 4.3197 2 0
17 -1.2000 -110.8812 -309.3062 0 0 4.3197 2 0
17 -1.2000 -129.3588 -316.9598 0 0 4.3197 2 0
19 -1.2000 -143.7114 -334.5947 0 0 -1.1781 2 0
17 -1.2000 -147.8364 -324.6135 0 0 4.3197 2 0
17 -1.2000 -162.2654 -342.0635 0 0 4.3197 2 0
17 -1.2000 -166.3140 -332.2672 0 0 4.3197 2 0
17 -1.2000 -180.7430 -349.7172 0 0 4.3197 2 0
19 -1.2000 -199.1442 -357.5557 0 0 -1.1781 2 0
17 -1.2000 -203.2692 -347.5745 0 0 4.3197 2 0
17 -1.2000 -217.6981 -365.0245 0 0 4.3197 2 0
18 -1.2000 -221.7468 -355.2282 0 0 4.3197 2 0
17 -1.2000 -236.1757 -372.6782 0 0 4.3197 2 0
17 -1.2000 -240.2244 -362.8818 0 0 4.3197 2 0
18 -1.2000 -254.6533 -380.3318 0 0 4.3197 2 0
18 -1.2000 -273.1309 -387.9855 0 0 4.3197 2 0
17 -1.2000 -277.1796 -378.1892 0 0 4.3197 2 0
17 -1.2000 -291.6085 -395.6392 0 0 4.3197 2 0
18 -1.2000 -295.6571 -385.8428 0 0 4.3197 2 0
18 -1.2000 -310.0861 -403.2928 0 0 4.3197 2 0
17 -1.2000 -314.1347 -393.4965 0 0 4.3197 2 0
18 -1.2000 -328.5637 -410.9465 0 0 4.3197 2 0
17 -1.2000 -332.6123 -401.1502 0 0 4.3197 2 0
17 -1.2000 -347.0413 -418.6002 0 0 4.3197 2 0
17 -1.2000 -351.0899 -408.8038 0 0 4.3197 2 0
20 -1.2000 -369.6439 -416.2726 0 0 -4.3197 2 0
18 -1.2000 -378.7777 -434.1053 0 0 3.5343 2 0
17 -1.2000 -378.8141 -453.6037 0 0 1.9635 2 0
18 -1.2000 -59.1007 -334.9432 0 0 2.7489 2 0
24 -1.2000 -68.8971 -338.9919 0 0 2.7489 2 0
18 -1.2000 -68.8652 -358.5013 0 0 4.3197 2 0
18 -1.2000 -87.3428 -366.1549 0 0 4.3197 2 0
17 -1.2000 -91.3915 -356.3586 0 0 4.3197 2 0
17 -1.2000 -105.8204 -373.8086 0 0 4.3197 2 0
17 -1.2000 -124.2980 -381.4623 0 0 4.3197 2 0
18 -1.2000 -128.3467 -371.6659 0 0 4.3197 2 0
18 -1.2000 -142.7756 -389.1159 0 0 4.3197 2 0
18 -1.2000 -146.8243 -379.3196 0 0 4.3197 2 0
17 -1.2000 -161.2532 -396.7696 0 0 4.3197 2 0
17 -1.2000 -179.7308 -404.4233 0 0 4.3197 2 0
18 -1.2000 -198.2084 -412.0769 0 0 4.3197 2 0
24 -1.2000 -202.2570 -402.2806 0 0 4.3197 2 0
18 -1.2000 -216.6860 -419.7306 0 0 4.3197 2 0
18 -1.2000 -220.7346 -409.9342 0 0 4.3197 2 0
17 -1.2000 -235.1636 -427.3843 0 0 4.3197 2 0
18 -1.2000 -239.2122 -417.5879 0 0 4.3197 2 0
17 -1.2000 -253.6412 -435.0379 0 0 4.3197 2 0
19 -1.2000 -257.7662 -425.0567 0 0 -4.3197 2 0
17 -1.2000 -272.1188 -442.6916 0 0 4.3197 2 0
19 -1.2000 -290.5200 -450.5301 0 0 -1.1781 2 0
18 -1.2000 -294.6450 -440.5489 0 0 4.3197 2 0
18 -1.2000 -309.0739 -457.9989 0 0 4.3197 2 0
17 -1.2000 -313.1226 -448.2026 0 0 4.3197 2 0
17 -1.2000 -327.5515 -465.6526 0 0 4.3197 2 0
18 -1.2000 -331.6002 -455.8562 0 0 4.3197 2 0
17 -1.2000 -350.0778 -463.5099 0 0 4.3197 2 0
18 -1.2000 -364.5067 -480.9599 0 0 4.3197 2 0
17 -1.2000 -368.5554 -471.1636 0 0 4.3197 2 0
18 -1.2000 -382.9843 -488.6136 0 0 4.3197 2 0
17 -1.2000 -403.9964 -494.7807 0 0 4.7124 2 0
17 -1.2000 -403.9880 -484.1807 0 0 4.7124 2 0
17 -1.2000 -418.2476 -478.2777 0 0 5.4978 2 0
18 -1.2000 -436.2433 -466.5467 0 0 5.8905 2 0
18 -1.2000 -426.4470 -462.4981 0 0 5.8905 2 0
17 -1.2000 -443.8970 -448.0692 0 0 5.8905 2 0
17 -1.2000 -434.1006 -444.0205 0 0 5.8905 2 0
18 -1.2000 -451.5506 -429.5916 0 0 5.8905 2 0
19 -1.2000 -441.5694 -425.4665 0 0 -5.8905 2 0
18 -1.2000 -459.2043 -411.1140 0 0 5.8905 2 0
18 -1.2000 -449.4079 -407.0653 0 0 5.8905 2 0
17 -0.6000 -466.8580 -392.6364 0 0 5.8905 2 0
24 -0.6000 -457.0616 -388.5877 0 0 5.8905 2 0
17 1.0000 -474.5116 -374.1588 0 0 5.8905 2 0
18 1.0000 -464.7153 -370.1101 0 0 5.8905 2 0
18 2.6000 -482.1653 -355.6812 0 0 5.8905 2 0
18 3.4000 -489.8190 -337.2036 0 0 5.8905 2 0
18 3.4000 -480.0226 -333.1550 0 0 5.8905 2 0
18 2.6000 -497.4726 -318.7260 0 0 5.8905 2 0
18 2.6000 -487.6763 -314.6774 0 0 5.8905 2 0
17 1.0000 -505.1263 -300.2484 0 0 5.8905 2 0
17 1.0000 -495.3299 -296.1998 0 0 5.8905 2 0
17 -0.6000 -512.7799 -281.7708 0 0 5.8905 2 0
18 -0.6000 -502.9836 -277.7222 0 0 5.8905 2 0
18 -0.4000 -520.4336 -263.2932 0 0 5.8905 2 0
17 -0.4000 -510.6373 -259.2446 0 0 5.8905 2 0
17 -0.4000 -518.2909 -240.7670 0 0 5.8905 2 0
17 -0.4000 -525.9446 -222.2894 0 0 5.8905 2 0
18 -0.4000 -547.1844 -212.7261 0 0 5.4978 2 0
18 -0.4000 -561.3265 -198.5839 0 0 5.4978 2 0
17 -0.4000 -567.9674 -176.9524 0 0 5.4978 2 0
18 -0.4000 -589.6108 -170.2996 0 0 5.4978 2 0
18 -0.4000 -582.1095 -162.8103 0 0 5.4978 2 0
17 -0.4000 -603.7529 -156.1575 0 0 5.4978 2 0
18 -0.4000 -596.2516 -148.6681 0 0 5.4978 2 0
18 -0.4000 -787.6006 27.6903 0 0 5.4978 2 0
18 -0.4000 -780.0993 35.1797 0 0 5.4978 2 0
17 -0.4000 -796.6084 49.4452 0 0 6.2832 2 0
17 -0.4000 -786.0084 49.4367 0 0 6.2832 2 0
18 -0.4000 -780.1055 63.6964 0 0 7.0686 2 0
18 -0.4000 -765.8400 80.2055 0 0 7.8540 2 0
17 -0.4000 -765.8484 69.6055 0 0 7.8540 2 0
18 -0.4000 -744.0875 71.1919 0 0 8.6394 2 0
18 -0.4000 -751.5888 63.7026 0 0 8.6394 2 0
17 -0.4000 -733.5931 51.9716 0 0 9.0321 2 0
17 -0.4000 -743.3895 47.9229 0 0 9.0321 2 0
18 -1.6000 -725.9395 33.4940 0 0 9.0321 2 0
18 -1.6000 -735.7358 29.4453 0 0 9.0321 2 0
18 -4.0000 -728.0822 10.9677 0 0 9.0321 2 0
17 -3.6000 -710.6321 -3.4612 0 0 9.0321 2 0
17 -3.6000 -706.8450 -26.5100 0 0 8.2467 2 0
17 -3.6000 -687.8535 -12.8900 0 0 7.4613 2 0
18 -3.6000 -669.3759 -5.2364 0 0 7.4613 2 0
18 -3.8000 -646.8496 -7.3791 0 0 7.4613 2 0
18 -2.4000 -632.4207 10.0710 0 0 7.4613 2 0
18 -2.4000 -628.3720 0.2746 0 0 7.4613 2 0
24 0.8000 -613.9431 17.7246 0 0 7.4613 2 0
18 4.0000 -595.4655 25.3783 0 0 7.4613 2 0
18 4.0000 -591.4169 15.5819 0 0 7.4613 2 0
18 5.0000 -576.9879 33.0319 0 0 7.4613 2 0
18 5.0000 -572.9393 23.2356 0 0 7.4613 2 0
18 5.2000 -558.5103 40.6856 0 0 7.4613 2 0
17 5.2000 -554.4617 30.8893 0 0 7.4613 2 0
18 5.2000 -540.0327 48.3393 0 0 7.4613 2 0
18 5.2000 -535.9841 38.5429 0 0 7.4613 2 0
18 5.2000 -519.0291 43.9063 0 0 7.8540 2 0
18 5.2000 -499.5310 50.6296 0 0 7.8540 2 0
17 5.2000 -499.5395 40.0296 0 0 7.8540 2 0
17 5.2000 -479.5310 50.6296 0 0 7.8540 2 0
18 5.2000 -459.5310 50.6296 0 0 7.8540 2 0
17 5.2000 -459.5395 40.0296 0 0 7.8540 2 0
17 5.2000 -439.5310 50.6296 0 0 7.8540 2 0
17 5.2000 -439.5395 40.0296 0 0 7.8540 2 0
17 5.0000 -419.5310 50.6296 0 0 7.8540 2 0
17 2.2000 -399.5310 50.6296 0 0 7.8540 2 0
18 2.2000 -399.5395 40.0296 0 0 7.8540 2 0
17 -2.6000 -379.5395 40.0296 0 0 7.8540 2 0
17 -4.8000 -359.5310 50.6296 0 0 7.8540 2 0
17 -4.8000 -359.5395 40.0296 0 0 7.8540 2 0
17 -4.4000 -339.5310 50.6296 0 0 7.8540 2 0
18 -4.4000 -339.5395 40.0296 0 0 7.8540 2 0
17 -4.4000 -319.5310 50.6295 0 0 7.8540 2 0
17 -4.4000 -319.5395 40.0296 0 0 7.8540 2 0
17 -4.4000 -299.5310 50.6295 0 0 7.8540 2 0
20 -4.4000 -299.5396 39.8295 0 0 -7.8540 2 0
18 -4.4000 -259.5310 50.6295 0 0 7.8540 2 0
18 -4.4000 -259.5395 40.0295 0 0 7.8540 2 0
18 -4.4000 -241.8148 52.1660 0 0 7.4613 2 0
18 -4.4000 -221.1142 59.0168 0 0 6.6759 2 0
20 -4.4000 -223.4351 81.6353 0 0 -3.5343 2 0
18 -4.4000 -213.4605 77.4944 0 0 6.6759 2 0
