ambient 0.6
headlight 0.1
directional 0.8
lightdir -0.6 1.0 -1.0
background 200 210 220
clfactors 1.0 0.95 1.0
objtypes 37
data/steer.geo data/steer.col data/noref.ref data/nocl.cld
data/speed.geo data/speed.col data/noref.ref data/nocl.cld
data/dmod.geo data/dmod.col data/noref.ref data/nocl.cld
data/roads.geo data/road.col data/roads.ref data/road.cld
data/roadlw.geo data/road.col data/roadlw.ref data/road.cld
data/roadln.geo data/road.col data/roadln.ref data/road.cld
data/roadrw.geo data/road.col data/roadrw.ref data/road.cld
data/roadrn.geo data/road.col data/roadrn.ref data/road.cld
data/road25.geo data/road.col data/road25.ref data/road.cld
data/road50.geo data/road.col data/road50.ref data/road.cld
data/road75.geo data/road.col data/road75.ref data/road.cld
data/tunnb.geo data/tunnb.col data/tunn.ref data/tunnb.cld
data/tunn.geo data/tunn.col data/tunn.ref data/tunn.cld
data/bridgec.geo data/bridgec.col data/bridgstr.ref data/bridgec.cld
data/bridges.geo data/bridges.col data/bridges.ref data/nocl.cld
data/start.geo data/start.col data/start.ref data/nocl.cld
data/tree1.geo data/tree1.col data/tree.ref data/tree.cld
data/tree9.geo data/tree9.col data/tree.ref data/tree.cld
data/vila2.geo data/vila2.col data/vila2.ref data/vila2.cld
data/vila4.geo data/vila4.col data/vila4.ref data/vila4.cld
data/trs.geo data/trs.col data/trs.ref data/trs.cld
data/wind.geo data/wind.col data/wind.ref data/wind.cld
data/prop.geo data/prop.col data/noref.ref data/nocl.cld
data/light.geo data/light.col data/tree.ref data/nocl.cld
data/glider.geo data/glider.col data/noref.ref data/nocl.cld
data/bridgescl.geo data/bridges.col data/bridgec.ref data/nocl.cld
data/loop4r.geo data/loopblue.col data/loop4r.ref data/loop4r.cld
data/loop2r.geo data/loopgreen.col data/loop2r.ref data/loop2r.cld
data/loop1r.geo data/loopred.col data/loop1r.ref data/loop1r.cld
data/loop4l.geo data/loopblue.col data/loop4l.ref data/loop4l.cld
data/loop2l.geo data/loopgreen.col data/loop2l.ref data/loop2l.cld
data/loop1l.geo data/loopred.col data/loop1l.ref data/loop1l.cld
data/ground.geo data/ground.col data/noref.ref data/nocl.cld
data/corkr.geo data/cork.col data/corkr.ref data/corkr.cld
data/road11.geo data/road.col data/road11.ref data/road.cld
data/road12.geo data/road.col data/road12.ref data/road.cld
data/roadhill2.geo data/roadhill2.col data/roads.ref data/roadhill2.cld
objects 591
33  -7.0  0.0  0.0  0.0  0.0  0.0  2  0
16 -1.2000 0.0000 20.0000 0 0 0.0000 2 0
21 -1.2000 0.0000 0.0000 0 0 3.1416 5 0
4 -1.2000 0.0000 0.0000 0 0 -0.0000 1 0
4 -1.2000 0.0000 10.0000 0 0 -0.0000 1 0
4 -1.2000 0.0000 20.0000 0 0 -0.0000 1 0
4 -1.2000 0.0000 30.0000 0 0 -0.0000 1 0
4 -1.2000 0.0000 40.0000 0 0 -0.0000 1 0
4 -1.2000 0.0000 50.0000 0 0 -0.0000 1 0
12 -1.2000 0.0000 60.0000 0 0 -0.0000 1 0
13 -1.2000 0.0000 70.0000 0 0 -0.0000 1 0
13 -1.2000 0.0000 80.0000 0 0 -0.0000 1 0
13 -1.2000 0.0000 90.0000 0 0 -0.0000 1 0
13 -1.2000 0.0000 100.0000 0 0 -0.0000 1 0
13 -1.2000 0.0000 110.0000 0 0 -0.0000 1 0
12 -1.2000 0.0000 130.0000 0 0 3.1416 1 0
4 -1.2000 0.0000 130.0000 0 0 -0.0000 1 0
4 -1.2000 0.0000 140.0000 0 0 -0.0000 1 0
4 -1.2000 0.0000 150.0000 0 0 -0.0000 1 0
4 -1.2000 0.0000 160.0000 0 0 -0.0000 1 0
5 -1.2000 0.0000 170.0000 0 0 -0.0000 1 0
5 -1.2000 -1.9383 179.7448 0 0 0.3927 1 0
5 -1.2000 -7.4582 188.0061 0 0 0.7854 1 0
5 -1.2000 -15.7194 193.5261 0 0 1.1781 1 0
5 -1.2000 -25.4642 195.4645 0 0 1.5708 1 0
5 -1.2000 -35.2090 193.5262 0 0 1.9635 1 0
4 -1.2000 -43.4703 188.0063 0 0 2.3562 1 0
4 -1.2000 -50.5413 180.9352 0 0 2.3562 1 0
4 -1.2000 -57.6124 173.8641 0 0 2.3562 1 0
4 -1.2000 -64.6835 166.7931 0 0 2.3562 1 0
4 -1.2000 -71.7545 159.7220 0 0 2.3562 1 0
9 -1.2000 -78.8256 152.6509 0 0 2.3562 1 0
9 -0.4000 -85.8967 145.5799 0 0 2.3562 1 0
9 0.4000 -92.9677 138.5088 0 0 2.3562 1 0
9 1.2000 -100.0388 131.4377 0 0 2.3562 1 0
4 2.0000 -107.1099 124.3667 0 0 2.3562 1 0
4 2.0000 -114.1809 117.2956 0 0 2.3562 1 0
4 2.0000 -121.2520 110.2245 0 0 2.3562 1 0
4 2.0000 -128.3231 103.1535 0 0 2.3562 1 0
4 2.0000 -135.3941 96.0824 0 0 2.3562 1 0
4 2.0000 -142.4652 89.0113 0 0 2.3562 1 0
4 2.0000 -149.5363 81.9403 0 0 2.3562 1 0
8 2.0000 -156.6073 74.8692 0 0 2.3562 1 0
8 2.0000 -165.6104 71.1400 0 0 1.5708 1 0
8 2.0000 -174.6135 74.8692 0 0 0.7854 1 0
4 2.0000 -178.3427 83.8723 0 0 0.0000 1 0
4 2.0000 -178.3427 93.8723 0 0 0.0000 1 0
4 2.0000 -178.3427 103.8723 0 0 0.0000 1 0
11 2.0000 -178.3427 113.8723 0 0 0.0000 1 0
11 4.4000 -178.3427 123.8723 0 0 0.0000 1 0
4 6.8000 -178.3427 133.8723 0 0 0.0000 1 0
4 6.8000 -178.3427 143.8723 0 0 0.0000 1 0
4 6.8000 -178.3427 153.8723 0 0 0.0000 1 0
4 6.8000 -178.3427 163.8723 0 0 0.0000 1 0
5 6.8000 -178.3427 173.8723 0 0 0.0000 1 0
6 6.8000 -180.2810 183.6171 0 0 0.3927 1 0
5 6.8000 -187.1717 190.5077 0 0 1.1781 1 0
4 6.8000 -196.9165 192.4462 0 0 1.5708 1 0
4 6.8000 -206.9165 192.4462 0 0 1.5708 1 0
4 6.8000 -216.9165 192.4462 0 0 1.5708 1 0
10 6.8000 -226.9165 192.4462 0 0 1.5708 1 0
11 8.4000 -236.9165 192.4462 0 0 1.5708 1 0
4 10.8000 -246.9165 192.4462 0 0 1.5708 1 0
11 8.4000 -266.9165 192.4462 0 0 4.7124 1 0
10 6.8000 -276.9165 192.4462 0 0 4.7124 1 0
4 6.8000 -276.9165 192.4462 0 0 1.5708 1 0
4 6.8000 -286.9165 192.4462 0 0 1.5708 1 0
4 6.8000 -296.9165 192.4462 0 0 1.5708 1 0
6 6.8000 -306.9165 192.4462 0 0 1.5708 1 0
6 6.8000 -315.9196 188.7170 0 0 2.3562 1 0
4 6.8000 -319.6488 179.7139 0 0 3.1416 1 0
4 6.8000 -319.6488 169.7139 0 0 3.1416 1 0
4 6.8000 -319.6488 159.7139 0 0 3.1416 1 0
9 6.0000 -319.6488 139.7139 0 0 6.2832 1 0
9 5.2000 -319.6488 129.7139 0 0 6.2832 1 0
9 4.4000 -319.6488 119.7139 0 0 6.2832 1 0
9 3.6000 -319.6488 109.7139 0 0 6.2832 1 0
9 2.8000 -319.6488 99.7139 0 0 6.2832 1 0
9 2.0000 -319.6488 89.7139 0 0 6.2832 1 0
9 1.2000 -319.6488 79.7139 0 0 6.2832 1 0
9 0.4000 -319.6488 69.7139 0 0 6.2832 1 0
9 -0.4000 -319.6488 59.7139 0 0 6.2832 1 0
9 -1.2000 -319.6488 49.7139 0 0 6.2832 1 0
9 -2.0000 -319.6488 39.7139 0 0 6.2832 1 0
9 -2.8000 -319.6488 29.7139 0 0 6.2832 1 0
37 -2.8000 -319.6488 29.7139 0 0 3.1416 1 0
4 -2.8000 -319.6488 19.7139 0 0 3.1416 1 0
4 -2.8000 -319.6488 9.7139 0 0 3.1416 1 0
10 -2.8000 -319.6488 -0.2861 0 0 3.1416 1 0
10 -1.2000 -319.6488 -10.2861 0 0 3.1416 1 0
4 0.4000 -319.6488 -20.2861 0 0 3.1416 1 0
4 0.4000 -319.6488 -30.2861 0 0 3.1416 1 0
4 0.4000 -319.6488 -40.2861 0 0 3.1416 1 0
4 0.4000 -319.6488 -50.2861 0 0 3.1416 1 0
4 0.4000 -319.6488 -60.2861 0 0 3.1416 1 0
4 0.4000 -319.6488 -70.2861 0 0 3.1416 1 0
5 0.4000 -319.6488 -80.2861 0 0 3.1416 1 0
5 0.4000 -317.7105 -90.0309 0 0 3.5343 1 0
5 0.4000 -312.1905 -98.2922 0 0 3.9270 1 0
5 0.4000 -303.9293 -103.8122 0 0 4.3197 1 0
5 0.4000 -294.1846 -105.7507 0 0 4.7124 1 0
5 0.4000 -284.4398 -103.8123 0 0 5.1051 1 0
4 0.4000 -276.1785 -98.2924 0 0 5.4978 1 0
4 0.4000 -269.1074 -91.2213 0 0 5.4978 1 0
4 0.4000 -262.0364 -84.1503 0 0 5.4978 1 0
4 0.4000 -254.9653 -77.0792 0 0 5.4978 1 0
4 0.4000 -247.8942 -70.0081 0 0 5.4978 1 0
7 0.4000 -240.8232 -62.9371 0 0 5.4978 1 0
4 0.4000 -232.5620 -57.4170 0 0 5.1051 1 0
4 0.4000 -223.3232 -53.5902 0 0 5.1051 1 0
4 0.4000 -214.0844 -49.7634 0 0 5.1051 1 0
4 0.4000 -204.8456 -45.9365 0 0 5.1051 1 0
5 0.4000 -195.6068 -42.1097 0 0 5.1051 1 0
4 0.4000 -187.3455 -36.5898 0 0 5.4978 1 0
4 0.4000 -180.2745 -29.5187 0 0 5.4978 1 0
4 0.4000 -173.2034 -22.4476 0 0 5.4978 1 0
9 0.4000 -166.1323 -15.3766 0 0 5.4978 1 0
9 1.2000 -159.0613 -8.3055 0 0 5.4978 1 0
9 2.0000 -151.9902 -1.2344 0 0 5.4978 1 0
4 2.8000 -144.9191 5.8367 0 0 5.4978 1 0
9 2.0000 -130.7770 19.9788 0 0 8.6394 1 0
10 0.4000 -123.7059 27.0499 0 0 8.6394 1 0
11 -2.0000 -116.6349 34.1209 0 0 8.6394 1 0
4 -2.0000 -116.6349 34.1209 0 0 5.4978 1 0
4 -2.0000 -109.5638 41.1920 0 0 5.4978 1 0
4 -2.0000 -102.4927 48.2631 0 0 5.4978 1 0
4 -2.0000 -95.4217 55.3341 0 0 5.4978 1 0
8 -2.0000 -88.3506 62.4052 0 0 5.4978 1 0
8 -2.0000 -79.3475 66.1344 0 0 4.7124 1 0
8 -2.0000 -70.3444 62.4052 0 0 3.9270 1 0
4 -2.0000 -66.6152 53.4021 0 0 3.1416 1 0
4 -2.0000 -66.6152 43.4021 0 0 3.1416 1 0
4 -2.0000 -66.6152 33.4021 0 0 3.1416 1 0
4 -2.0000 -66.6152 23.4021 0 0 3.1416 1 0
4 -2.0000 -66.6152 13.4021 0 0 3.1416 1 0
4 -2.0000 -66.6152 3.4021 0 0 3.1416 1 0
4 -2.0000 -66.6152 -6.5979 0 0 3.1416 1 0
4 -2.0000 -66.6152 -16.5979 0 0 3.1416 1 0
4 -2.0000 -66.6152 -26.5979 0 0 3.1416 1 0
4 -2.0000 -66.6152 -36.5979 0 0 3.1416 1 0
4 -2.0000 -66.6152 -46.5979 0 0 3.1416 1 0
7 -2.0000 -66.6152 -56.5979 0 0 3.1416 1 0
7 -2.0000 -68.5535 -66.3427 0 0 2.7489 1 0
4 -2.0000 -74.0734 -74.6039 0 0 2.3562 1 0
4 -2.0000 -81.1445 -81.6750 0 0 2.3562 1 0
4 -2.0000 -88.2155 -88.7461 0 0 2.3562 1 0
9 -2.0000 -95.2866 -95.8171 0 0 2.3562 1 0
9 -1.2000 -102.3577 -102.8882 0 0 2.3562 1 0
9 -0.4000 -109.4287 -109.9593 0 0 2.3562 1 0
9 0.4000 -116.4998 -117.0303 0 0 2.3562 1 0
9 1.2000 -123.5709 -124.1014 0 0 2.3562 1 0
4 2.0000 -130.6419 -131.1725 0 0 2.3562 1 0
4 2.0000 -137.7130 -138.2436 0 0 2.3562 1 0
4 2.0000 -144.7841 -145.3146 0 0 2.3562 1 0
4 2.0000 -151.8551 -152.3857 0 0 2.3562 1 0
4 2.0000 -158.9262 -159.4568 0 0 2.3562 1 0
4 2.0000 -165.9973 -166.5278 0 0 2.3562 1 0
10 0.4000 -180.1394 -180.6700 0 0 5.4978 1 0
10 -1.2000 -187.2105 -187.7410 0 0 5.4978 1 0
4 -1.2000 -187.2105 -187.7410 0 0 2.3562 1 0
4 -1.2000 -194.2815 -194.8121 0 0 2.3562 1 0
4 -1.2000 -201.3526 -201.8832 0 0 2.3562 1 0
4 -1.2000 -208.4237 -208.9542 0 0 2.3562 1 0
4 -1.2000 -215.4947 -216.0253 0 0 2.3562 1 0
4 -1.2000 -222.5658 -223.0964 0 0 2.3562 1 0
4 -1.2000 -229.6369 -230.1674 0 0 2.3562 1 0
5 -1.2000 -236.7079 -237.2385 0 0 2.3562 1 0
6 -1.2000 -242.2280 -245.4997 0 0 2.7489 1 0
5 -1.2000 -242.2280 -255.2446 0 0 3.5343 1 0
5 -1.2000 -236.7080 -263.5059 0 0 3.9270 1 0
5 -1.2000 -228.4468 -269.0259 0 0 4.3197 1 0
4 -1.2000 -218.7021 -270.9643 0 0 4.7124 1 0
4 -1.2000 -208.7021 -270.9643 0 0 4.7124 1 0
4 -1.2000 -198.7021 -270.9643 0 0 4.7124 1 0
4 -1.2000 -188.7021 -270.9643 0 0 4.7124 1 0
4 -1.2000 -178.7021 -270.9643 0 0 4.7124 1 0
4 -1.2000 -168.7021 -270.9643 0 0 4.7124 1 0
4 -1.2000 -158.7021 -270.9643 0 0 4.7124 1 0
4 -1.2000 -148.7021 -270.9643 0 0 4.7124 1 0
4 -1.2000 -138.7021 -270.9643 0 0 4.7124 1 0
4 -1.2000 -128.7021 -270.9643 0 0 4.7124 1 0
4 -1.2000 -118.7021 -270.9643 0 0 4.7124 1 0
4 -1.2000 -108.7021 -270.9643 0 0 4.7124 1 0
4 -1.2000 -98.7021 -270.9643 0 0 4.7124 1 0
4 -1.2000 -88.7021 -270.9643 0 0 4.7124 1 0
4 -1.2000 -78.7021 -270.9643 0 0 4.7124 1 0
4 -1.2000 -68.7021 -270.9643 0 0 4.7124 1 0
5 -1.2000 -58.7021 -270.9643 0 0 4.7124 1 0
6 -1.2000 -48.9573 -269.0260 0 0 5.1051 1 0
5 -1.2000 -42.0666 -262.1353 0 0 5.8905 1 0
4 -1.2000 -40.1282 -252.3905 0 0 6.2832 1 0
4 -1.2000 -40.1282 -242.3905 0 0 6.2832 1 0
4 -1.2000 -40.1282 -232.3905 0 0 6.2832 1 0
4 -1.2000 -40.1282 -222.3905 0 0 6.2832 1 0
4 -1.2000 -40.1282 -212.3905 0 0 6.2832 1 0
4 -1.2000 -40.1282 -202.3905 0 0 6.2832 1 0
4 -1.2000 -40.1282 -192.3905 0 0 6.2832 1 0
4 -1.2000 -40.1282 -182.3905 0 0 6.2832 1 0
4 -1.2000 -40.1282 -172.3905 0 0 6.2832 1 0
7 -1.2000 -40.1282 -162.3905 0 0 6.2832 1 0
4 -1.2000 -38.1899 -152.6457 0 0 5.8905 1 0
4 -1.2000 -34.3631 -143.4069 0 0 5.8905 1 0
4 -1.2000 -30.5362 -134.1681 0 0 5.8905 1 0
4 -1.2000 -26.7094 -124.9293 0 0 5.8905 1 0
4 -1.2000 -22.8826 -115.6905 0 0 5.8905 1 0
4 -1.2000 -19.0557 -106.4517 0 0 5.8905 1 0
4 -1.2000 -15.2289 -97.2129 0 0 5.8905 1 0
7 -1.2000 -11.4021 -87.9741 0 0 5.8905 1 0
4 -1.2000 -5.8822 -79.7129 0 0 5.4978 1 0
4 -1.2000 1.1889 -72.6418 0 0 5.4978 1 0
4 -1.2000 8.2600 -65.5707 0 0 5.4978 1 0
4 -1.2000 15.3310 -58.4997 0 0 5.4978 1 0
4 -1.2000 22.4021 -51.4286 0 0 5.4978 1 0
4 -1.2000 29.4732 -44.3575 0 0 5.4978 1 0
4 -1.2000 36.5442 -37.2865 0 0 5.4978 1 0
4 -1.2000 43.6153 -30.2154 0 0 5.4978 1 0
4 -1.2000 50.6864 -23.1443 0 0 5.4978 1 0
4 -1.2000 57.7574 -16.0732 0 0 5.4978 1 0
4 -1.2000 64.8285 -9.0022 0 0 5.4978 1 0
4 -1.2000 71.8996 -1.9311 0 0 5.4978 1 0
4 -1.2000 78.9706 5.1400 0 0 5.4978 1 0
4 -1.2000 86.0417 12.2110 0 0 5.4978 1 0
4 -1.2000 93.1128 19.2821 0 0 5.4978 1 0
4 -1.2000 100.1838 26.3532 0 0 5.4978 1 0
4 -1.2000 107.2549 33.4242 0 0 5.4978 1 0
4 -1.2000 114.3260 40.4953 0 0 5.4978 1 0
4 -1.2000 121.3970 47.5664 0 0 5.4978 1 0
4 -1.2000 128.4681 54.6374 0 0 5.4978 1 0
4 -1.2000 135.5392 61.7085 0 0 5.4978 1 0
4 -1.2000 142.6102 68.7796 0 0 5.4978 1 0
4 -1.2000 149.6813 75.8507 0 0 5.4978 1 0
4 -1.2000 156.7524 82.9217 0 0 5.4978 1 0
4 -1.2000 163.8234 89.9928 0 0 5.4978 1 0
4 -1.2000 170.8945 97.0639 0 0 5.4978 1 0
4 -1.2000 177.9656 104.1349 0 0 5.4978 1 0
4 -1.2000 185.0366 111.2060 0 0 5.4978 1 0
4 -1.2000 192.1077 118.2771 0 0 5.4978 1 0
7 -1.2000 199.1788 125.3481 0 0 5.4978 1 0
7 -1.2000 207.4400 130.8682 0 0 5.1051 1 0
7 -1.2000 217.1847 132.8066 0 0 4.7124 1 0
7 -1.2000 226.9295 130.8683 0 0 4.3197 1 0
7 -1.2000 235.1908 125.3484 0 0 3.9270 1 0
7 -1.2000 240.7108 117.0872 0 0 3.5343 1 0
4 -1.2000 242.6492 107.3424 0 0 3.1416 1 0
4 -1.2000 242.6492 97.3424 0 0 3.1416 1 0
4 -1.2000 242.6493 87.3424 0 0 3.1416 1 0
4 -1.2000 242.6493 77.3424 0 0 3.1416 1 0
9 -2.0000 242.6493 57.3424 0 0 6.2832 1 0
9 -2.8000 242.6493 47.3424 0 0 6.2832 1 0
9 -3.6000 242.6493 37.3424 0 0 6.2832 1 0
9 -4.4000 242.6493 27.3424 0 0 6.2832 1 0
9 -5.2000 242.6493 17.3424 0 0 6.2832 1 0
9 -6.0000 242.6493 7.3424 0 0 6.2832 1 0
4 -6.0000 242.6493 7.3424 0 0 3.1416 1 0
4 -6.0000 242.6493 -2.6576 0 0 3.1416 1 0
4 -6.0000 242.6493 -12.6576 0 0 3.1416 1 0
4 -6.0000 242.6493 -22.6576 0 0 3.1416 1 0
4 -6.0000 242.6493 -32.6576 0 0 3.1416 1 0
4 -6.0000 242.6493 -42.6576 0 0 3.1416 1 0
4 -6.0000 242.6493 -52.6576 0 0 3.1416 1 0
4 -6.0000 242.6493 -62.6576 0 0 3.1416 1 0
4 -6.0000 242.6493 -72.6576 0 0 3.1416 1 0
4 -6.0000 242.6493 -82.6576 0 0 3.1416 1 0
4 -6.0000 242.6493 -92.6576 0 0 3.1416 1 0
4 -6.0000 242.6493 -102.6576 0 0 3.1416 1 0
4 -6.0000 242.6493 -112.6576 0 0 3.1416 1 0
4 -6.0000 242.6493 -122.6576 0 0 3.1416 1 0
5 -6.0000 242.6493 -132.6576 0 0 3.1416 1 0
5 -6.0000 244.5876 -142.4024 0 0 3.5343 1 0
5 -6.0000 250.1075 -150.6637 0 0 3.9270 1 0
5 -6.0000 258.3687 -156.1837 0 0 4.3197 1 0
4 -6.0000 268.1135 -158.1221 0 0 4.7124 1 0
4 -6.0000 278.1135 -158.1221 0 0 4.7124 1 0
4 -6.0000 288.1135 -158.1221 0 0 4.7124 1 0
4 -6.0000 298.1135 -158.1221 0 0 4.7124 1 0
5 -6.0000 308.1135 -158.1221 0 0 4.7124 1 0
5 -6.0000 317.8583 -156.1838 0 0 5.1051 1 0
5 -6.0000 326.1196 -150.6639 0 0 5.4978 1 0
5 -6.0000 331.6396 -142.4027 0 0 5.8905 1 0
4 -6.0000 333.5780 -132.6579 0 0 6.2832 1 0
4 -6.0000 333.5780 -122.6579 0 0 6.2832 1 0
4 -6.0000 333.5780 -112.6579 0 0 6.2832 1 0
4 -6.0000 333.5780 -102.6579 0 0 6.2832 1 0
4 -6.0000 333.5780 -92.6579 0 0 6.2832 1 0
4 -6.0000 333.5780 -82.6579 0 0 6.2832 1 0
4 -6.0000 333.5780 -72.6579 0 0 6.2832 1 0
4 -6.0000 333.5780 -62.6579 0 0 6.2832 1 0
4 -6.0000 333.5780 -52.6579 0 0 6.2832 1 0
4 -6.0000 333.5780 -42.6579 0 0 6.2832 1 0
4 -6.0000 333.5780 -32.6579 0 0 6.2832 1 0
4 -6.0000 333.5780 -22.6579 0 0 6.2832 1 0
4 -6.0000 333.5780 -12.6579 0 0 6.2832 1 0
4 -6.0000 333.5780 -2.6579 0 0 6.2832 1 0
4 -6.0000 333.5780 7.3421 0 0 6.2832 1 0
4 -6.0000 333.5780 17.3421 0 0 6.2832 1 0
4 -6.0000 333.5780 27.3421 0 0 6.2832 1 0
4 -6.0000 333.5779 37.3421 0 0 6.2832 1 0
4 -6.0000 333.5779 47.3421 0 0 6.2832 1 0
4 -6.0000 333.5779 57.3421 0 0 6.2832 1 0
4 -6.0000 333.5779 67.3421 0 0 6.2832 1 0
4 -6.0000 333.5779 77.3421 0 0 6.2832 1 0
4 -6.0000 333.5779 87.3421 0 0 6.2832 1 0
4 -6.0000 333.5779 97.3421 0 0 6.2832 1 0
4 -6.0000 333.5779 107.3421 0 0 6.2832 1 0
4 -6.0000 333.5779 117.3421 0 0 6.2832 1 0
4 -6.0000 333.5779 127.3421 0 0 6.2832 1 0
4 -6.0000 333.5779 137.3421 0 0 6.2832 1 0
4 -6.0000 333.5779 147.3421 0 0 6.2832 1 0
4 -6.0000 333.5779 157.3421 0 0 6.2832 1 0
5 -6.0000 333.5779 167.3421 0 0 6.2832 1 0
4 -6.0000 331.6396 177.0869 0 0 6.6759 1 0
5 -6.0000 327.8128 186.3257 0 0 6.6759 1 0
4 -6.0000 322.2928 194.5870 0 0 7.0686 1 0
5 -6.0000 315.2218 201.6580 0 0 7.0686 1 0
4 -6.0000 306.9606 207.1781 0 0 7.4613 1 0
5 -6.0000 297.7218 211.0049 0 0 7.4613 1 0
4 -6.0000 287.9770 212.9433 0 0 7.8540 1 0
5 -6.0000 277.9770 212.9433 0 0 7.8540 1 0
4 -6.0000 268.2322 211.0050 0 0 8.2467 1 0
4 -6.0000 258.9934 207.1782 0 0 8.2467 1 0
7 -6.0000 249.7546 203.3513 0 0 8.2467 1 0
4 -6.0000 240.0098 201.4129 0 0 7.8540 1 0
4 -6.0000 230.0098 201.4129 0 0 7.8540 1 0
4 -6.0000 220.0098 201.4129 0 0 7.8540 1 0
4 -6.0000 210.0098 201.4129 0 0 7.8540 1 0
4 -6.0000 200.0098 201.4129 0 0 7.8540 1 0
5 -6.0000 190.0098 201.4129 0 0 7.8540 1 0
4 -6.0000 180.2650 199.4746 0 0 8.2467 1 0
5 -6.0000 171.0262 195.6477 0 0 8.2467 1 0
4 -6.0000 162.7650 190.1278 0 0 8.6394 1 0
4 -6.0000 155.6939 183.0567 0 0 8.6394 1 0
4 -6.0000 148.6228 175.9857 0 0 8.6394 1 0
4 -6.0000 141.5518 168.9146 0 0 8.6394 1 0
4 -6.0000 134.4807 161.8435 0 0 8.6394 1 0
4 -6.0000 127.4096 154.7725 0 0 8.6394 1 0
4 -6.0000 120.3386 147.7014 0 0 8.6394 1 0
4 -6.0000 113.2675 140.6303 0 0 8.6394 1 0
4 -6.0000 106.1965 133.5592 0 0 8.6394 1 0
4 -6.0000 99.1254 126.4882 0 0 8.6394 1 0
4 -6.0000 92.0543 119.4171 0 0 8.6394 1 0
4 -6.0000 84.9833 112.3460 0 0 8.6394 1 0
4 -6.0000 77.9122 105.2750 0 0 8.6394 1 0
21 -6.0000 70.8411 98.2039 0 0 8.6394 5 0
16 -6.0000 84.9833 112.3460 0 0 8.6394 2 0
20 -1.2000 -8.0000 40.0064 0 0 3.1416 2 0
20 -1.2000 8.0000 39.9936 0 0 -0.0000 2 0
17 -1.2000 -5.3000 160.0042 0 0 0.0000 2 0
19 -1.2000 -9.3318 176.6892 0 0 3.5343 2 0
24 -1.2000 2.9599 181.7691 0 0 -0.3927 2 0
20 -1.2000 -18.7868 186.1375 0 0 4.3197 2 0
19 -1.2000 -12.6521 200.9147 0 0 1.1781 2 0
18 -1.2000 -33.1847 188.6280 0 0 -1.9635 2 0
24 -1.2000 -37.2333 198.4244 0 0 -1.9635 2 0
17 -1.2000 -46.7967 177.1846 0 0 -2.3562 2 0
24 -1.2000 -54.2860 184.6859 0 0 -2.3562 2 0
18 -1.2000 -68.4282 170.5437 0 0 -2.3562 2 0
17 -1.4000 -75.0809 148.9003 0 0 -2.3562 2 0
24 -1.4000 -82.5703 156.4016 0 0 -2.3562 2 0
24 0.2000 -96.7124 142.2594 0 0 -2.3562 2 0
17 1.8000 -103.3652 120.6160 0 0 -2.3562 2 0
24 1.8000 -110.8546 128.1173 0 0 -2.3562 2 0
17 2.0000 -124.9967 113.9752 0 0 -2.3562 2 0
17 2.0000 -131.6495 92.3317 0 0 -2.3562 2 0
24 2.0000 -139.1388 99.8330 0 0 -2.3562 2 0
20 2.0000 -143.8839 76.2789 0 0 5.4978 2 0
24 2.0000 -153.2810 85.6909 0 0 -2.3562 2 0
17 2.0000 -165.6147 65.8400 0 0 -1.5708 2 0
24 2.0000 -165.6062 76.4400 0 0 -1.5708 2 0
17 2.0000 -183.6427 83.8765 0 0 -0.0000 2 0
24 2.0000 -173.0428 83.8680 0 0 -0.0000 2 0
24 2.0000 -183.6427 103.8765 0 0 -0.0000 2 0
24 3.8000 -183.6427 123.8765 0 0 -0.0000 2 0
18 3.8000 -173.0428 123.8680 0 0 -0.0000 2 0
17 6.2000 -183.6427 143.8765 0 0 -0.0000 2 0
17 6.2000 -173.0428 143.8680 0 0 -0.0000 2 0
19 6.8000 -186.3427 163.8786 0 0 3.1416 2 0
18 6.8000 -173.0428 163.8680 0 0 -0.0000 2 0
18 6.8000 -175.3829 185.6414 0 0 -0.3927 2 0
24 6.8000 -196.9207 187.1462 0 0 -1.5708 2 0
17 6.8000 -196.9123 197.7462 0 0 -1.5708 2 0
24 6.8000 -216.9207 187.1462 0 0 -1.5708 2 0
18 7.8000 -236.9207 187.1462 0 0 -1.5708 2 0
24 7.8000 -236.9123 197.7462 0 0 -1.5708 2 0
17 10.2000 -256.9207 187.1462 0 0 -1.5708 2 0
24 10.2000 -256.9123 197.7462 0 0 -1.5708 2 0
17 6.2000 -276.9123 197.7462 0 0 -1.5708 2 0
24 6.8000 -296.9123 197.7462 0 0 -1.5708 2 0
19 6.8000 -310.2672 183.0556 0 0 5.4978 2 0
18 6.8000 -314.3488 169.7096 0 0 -3.1416 2 0
17 6.8000 -324.9488 169.7181 0 0 -3.1416 2 0
17 6.6000 -314.3488 149.7096 0 0 -3.1416 2 0
17 6.6000 -324.9488 149.7181 0 0 -3.1416 2 0
17 5.0000 -314.3488 129.7096 0 0 -3.1416 2 0
18 5.0000 -324.9488 129.7181 0 0 -3.1416 2 0
24 3.4000 -324.9488 109.7181 0 0 -3.1416 2 0
18 1.8000 -314.3488 89.7096 0 0 -3.1416 2 0
24 1.8000 -324.9488 89.7181 0 0 -3.1416 2 0
24 0.2000 -314.3488 69.7096 0 0 -3.1416 2 0
18 -1.4000 -314.3488 49.7096 0 0 -3.1416 2 0
24 -1.4000 -324.9488 49.7181 0 0 -3.1416 2 0
18 -3.0000 -324.9488 29.7181 0 0 -3.1416 2 0
24 -2.8000 -314.3488 9.7096 0 0 -3.1416 2 0
19 -2.8000 -327.6488 9.7202 0 0 3.1416 2 0
18 -1.6000 -314.3488 -10.2904 0 0 -3.1416 2 0
18 -1.6000 -324.9488 -10.2819 0 0 -3.1416 2 0
17 0.0000 -324.9488 -30.2819 0 0 -3.1416 2 0
24 0.4000 -314.3488 -50.2904 0 0 -3.1416 2 0
17 0.4000 -324.9488 -50.2819 0 0 -3.1416 2 0
18 0.4000 -314.3488 -70.2904 0 0 -3.1416 2 0
18 0.4000 -324.9488 -70.2819 0 0 -3.1416 2 0
20 0.4000 -310.3170 -86.9754 0 0 6.6759 2 0
17 0.4000 -301.8972 -98.9173 0 0 -4.3197 2 0
17 0.4000 -305.9615 -108.7072 0 0 -4.3197 2 0
20 0.4000 -287.4953 -96.4189 0 0 8.2467 2 0
20 0.4000 -281.3842 -111.2058 0 0 5.1051 2 0
18 0.4000 -265.3627 -94.9720 0 0 -5.4978 2 0
18 0.4000 -258.7100 -73.3286 0 0 -5.4978 2 0
19 0.4000 -249.3129 -82.7406 0 0 5.4978 2 0
24 0.4000 -244.5678 -59.1864 0 0 -5.4978 2 0
17 0.4000 -225.3475 -48.6920 0 0 -5.1051 2 0
17 0.4000 -221.2988 -58.4884 0 0 -5.1051 2 0
24 0.4000 -206.8699 -41.0384 0 0 -5.1051 2 0
24 0.4000 -191.0902 -32.8391 0 0 -5.4978 2 0
20 0.4000 -181.6932 -42.2511 0 0 5.4978 2 0
19 0.4000 -178.8557 -16.7863 0 0 8.6394 2 0
24 0.4000 -169.4587 -26.1983 0 0 -5.4978 2 0
17 1.0000 -162.8059 -4.5548 0 0 -5.4978 2 0
17 1.0000 -155.3166 -12.0561 0 0 -5.4978 2 0
24 2.6000 -148.6638 9.5873 0 0 -5.4978 2 0
17 2.6000 -141.1744 2.0860 0 0 -5.4978 2 0
17 1.6000 -134.5217 23.7294 0 0 -5.4978 2 0
17 -2.6000 -120.3795 37.8716 0 0 -5.4978 2 0
19 -2.0000 -96.8404 42.6017 0 0 5.4978 2 0
18 -2.0000 -92.0953 66.1559 0 0 -5.4978 2 0
18 -2.0000 -84.6059 58.6546 0 0 -5.4978 2 0
20 -2.0000 -58.6152 43.3958 0 0 6.2832 2 0
18 -2.0000 -71.9152 43.4064 0 0 -3.1416 2 0
17 -2.0000 -61.3152 23.3979 0 0 -3.1416 2 0
20 -2.0000 -74.6152 23.4085 0 0 3.1416 2 0
18 -2.0000 -61.3152 3.3979 0 0 -3.1416 2 0
24 -2.0000 -71.9152 -16.5936 0 0 -3.1416 2 0
24 -2.0000 -61.3152 -36.6021 0 0 -3.1416 2 0
19 -2.0000 -58.6152 -56.6042 0 0 6.2832 2 0
17 -2.0000 -71.9152 -56.5936 0 0 -3.1416 2 0
20 -2.0000 -68.4211 -80.2653 0 0 5.4978 2 0
17 -2.0000 -77.8181 -70.8533 0 0 -2.3562 2 0
24 -2.0000 -91.9602 -84.9954 0 0 -2.3562 2 0
17 -1.4000 -98.6130 -106.6389 0 0 -2.3562 2 0
18 -1.4000 -106.1024 -99.1376 0 0 -2.3562 2 0
17 0.2000 -112.7551 -120.7810 0 0 -2.3562 2 0
18 0.2000 -120.2445 -113.2797 0 0 -2.3562 2 0
18 1.8000 -126.8973 -134.9231 0 0 -2.3562 2 0
17 1.8000 -134.3866 -127.4218 0 0 -2.3562 2 0
20 2.0000 -150.4364 -139.6533 0 0 2.3562 2 0
24 2.0000 -162.6709 -155.7061 0 0 -2.3562 2 0
24 1.6000 -169.3237 -177.3495 0 0 -2.3562 2 0
17 1.6000 -176.8130 -169.8482 0 0 -2.3562 2 0
24 -1.6000 -183.4658 -191.4917 0 0 -2.3562 2 0
24 -1.6000 -190.9552 -183.9904 0 0 -2.3562 2 0
17 -1.2000 -211.7501 -219.7760 0 0 -2.3562 2 0
17 -1.2000 -219.2394 -212.2747 0 0 -2.3562 2 0
18 -1.2000 -247.1229 -243.4676 0 0 -2.7489 2 0
19 -1.2000 -231.0467 -257.8535 0 0 7.0686 2 0
24 -1.2000 -240.4587 -267.2505 0 0 -3.9270 2 0
18 -1.2000 -218.7063 -276.2643 0 0 -4.7124 2 0
18 -1.2000 -198.6978 -265.6643 0 0 -4.7124 2 0
18 -1.2000 -198.7063 -276.2643 0 0 -4.7124 2 0
24 -1.2000 -178.6978 -265.6643 0 0 -4.7124 2 0
18 -1.2000 -178.7063 -276.2643 0 0 -4.7124 2 0
17 -1.2000 -158.6978 -265.6643 0 0 -4.7124 2 0
20 -1.2000 -158.7084 -278.9643 0 0 4.7124 2 0
17 -1.2000 -138.6978 -265.6643 0 0 -4.7124 2 0
24 -1.2000 -138.7063 -276.2643 0 0 -4.7124 2 0
18 -1.2000 -118.6978 -265.6643 0 0 -4.7124 2 0
18 -1.2000 -118.7063 -276.2643 0 0 -4.7124 2 0
19 -1.2000 -98.6957 -262.9643 0 0 7.8540 2 0
24 -1.2000 -78.6978 -265.6643 0 0 -4.7124 2 0
17 -1.2000 -78.7063 -276.2643 0 0 -4.7124 2 0
24 -1.2000 -58.6978 -265.6643 0 0 -4.7124 2 0
20 -1.2000 -49.4552 -259.0679 0 0 9.0321 2 0
18 -1.2000 -37.1716 -264.1674 0 0 -5.8905 2 0
18 -1.2000 -45.4282 -242.3863 0 0 -6.2832 2 0
19 -1.2000 -32.1282 -242.3969 0 0 6.2832 2 0
24 -1.2000 -45.4282 -222.3863 0 0 -6.2832 2 0
17 -1.2000 -34.8282 -222.3947 0 0 -6.2832 2 0
18 -1.2000 -45.4282 -202.3863 0 0 -6.2832 2 0
24 -1.2000 -34.8282 -202.3947 0 0 -6.2832 2 0
24 -1.2000 -45.4282 -182.3863 0 0 -6.2832 2 0
18 -1.2000 -34.8282 -182.3947 0 0 -6.2832 2 0
24 -1.2000 -45.4282 -162.3863 0 0 -6.2832 2 0
24 -1.2000 -34.8282 -162.3947 0 0 -6.2832 2 0
17 -1.2000 -39.2580 -141.3748 0 0 -5.8905 2 0
17 -1.2000 -31.6044 -122.8972 0 0 -5.8905 2 0
24 -1.2000 -21.8145 -126.9614 0 0 -5.8905 2 0
18 -1.2000 -23.9507 -104.4196 0 0 -5.8905 2 0
19 -1.2000 -11.6672 -109.5191 0 0 5.8905 2 0
24 -1.2000 -16.2970 -85.9420 0 0 -5.8905 2 0
24 -1.2000 -6.5071 -90.0063 0 0 -5.8905 2 0
24 -1.2000 -2.5558 -68.8912 0 0 -5.4978 2 0
19 -1.2000 6.8413 -78.3032 0 0 5.4978 2 0
24 -1.2000 19.0757 -62.2503 0 0 -5.4978 2 0
18 -1.2000 25.7285 -40.6069 0 0 -5.4978 2 0
24 -1.2000 39.8706 -26.4647 0 0 -5.4978 2 0
24 -1.2000 47.3600 -33.9660 0 0 -5.4978 2 0
17 -1.2000 54.0128 -12.3226 0 0 -5.4978 2 0
18 -1.2000 68.1549 1.8195 0 0 -5.4978 2 0
17 -1.2000 75.6442 -5.6818 0 0 -5.4978 2 0
24 -1.2000 89.7864 8.4604 0 0 -5.4978 2 0
24 -1.2000 124.7234 58.3881 0 0 -5.4978 2 0
20 -1.2000 134.1204 48.9761 0 0 5.4978 2 0
17 -1.2000 138.8655 72.5302 0 0 -5.4978 2 0
19 -1.2000 162.4047 77.2604 0 0 5.4978 2 0
24 -1.2000 167.1498 100.8145 0 0 -5.4978 2 0
18 -1.2000 174.6392 93.3132 0 0 -5.4978 2 0
17 -1.2000 181.2919 114.9567 0 0 -5.4978 2 0
20 -1.2000 190.6890 105.5446 0 0 5.4978 2 0
19 -1.2000 204.8311 119.6868 0 0 5.4978 2 0
17 -1.2000 217.1889 138.1066 0 0 -4.7124 2 0
24 -1.2000 217.1805 127.5066 0 0 -4.7124 2 0
18 -1.2000 238.9414 129.0931 0 0 -3.9270 2 0
24 -1.2000 237.3492 107.3466 0 0 -3.1416 2 0
18 -1.2000 247.9492 87.3382 0 0 -3.1416 2 0
20 -1.2000 234.6493 87.3488 0 0 3.1416 2 0
17 -1.4000 247.9493 67.3382 0 0 -3.1416 2 0
18 -1.4000 237.3493 67.3466 0 0 -3.1416 2 0
18 -3.0000 247.9493 47.3382 0 0 -3.1416 2 0
17 -3.0000 237.3493 47.3466 0 0 -3.1416 2 0
17 -4.6000 247.9493 27.3382 0 0 -3.1416 2 0
18 -6.2000 247.9493 7.3382 0 0 -3.1416 2 0
18 -6.0000 247.9493 -12.6618 0 0 -3.1416 2 0
24 -6.0000 247.9493 -32.6618 0 0 -3.1416 2 0
24 -6.0000 237.3493 -32.6534 0 0 -3.1416 2 0
19 -6.0000 250.6493 -52.6640 0 0 6.2832 2 0
18 -6.0000 237.3493 -52.6534 0 0 -3.1416 2 0
18 -6.0000 247.9493 -72.6618 0 0 -3.1416 2 0
17 -6.0000 237.3493 -72.6534 0 0 -3.1416 2 0
24 -6.0000 237.3493 -92.6534 0 0 -3.1416 2 0
17 -6.0000 253.8582 -146.9190 0 0 -3.9270 2 0
24 -6.0000 246.3569 -154.4084 0 0 -3.9270 2 0
17 -6.0000 268.1177 -152.8221 0 0 -4.7124 2 0
24 -6.0000 288.1093 -163.4221 0 0 -4.7124 2 0
18 -6.0000 308.1177 -152.8221 0 0 -4.7124 2 0
24 -6.0000 308.1093 -163.4221 0 0 -4.7124 2 0
24 -6.0000 322.3749 -146.9132 0 0 -5.4978 2 0
17 -6.0000 329.8642 -154.4145 0 0 -5.4978 2 0
20 -6.0000 325.5780 -112.6515 0 0 9.4248 2 0
18 -6.0000 338.8780 -112.6621 0 0 -6.2832 2 0
24 -6.0000 328.2780 -92.6537 0 0 -6.2832 2 0
24 -6.0000 338.8780 -92.6621 0 0 -6.2832 2 0
17 -6.0000 328.2780 -72.6537 0 0 -6.2832 2 0
24 -6.0000 338.8780 -72.6621 0 0 -6.2832 2 0
24 -6.0000 338.8780 -52.6621 0 0 -6.2832 2 0
18 -6.0000 328.2780 -32.6537 0 0 -6.2832 2 0
19 -6.0000 341.5780 -32.6643 0 0 6.2832 2 0
17 -6.0000 328.2780 -12.6537 0 0 -6.2832 2 0
18 -6.0000 338.8780 -12.6621 0 0 -6.2832 2 0
17 -6.0000 328.2780 7.3463 0 0 -6.2832 2 0
17 -6.0000 338.8780 7.3379 0 0 -6.2832 2 0
17 -6.0000 328.2780 27.3463 0 0 -6.2832 2 0
24 -6.0000 338.8779 27.3379 0 0 -6.2832 2 0
20 -6.0000 325.5779 47.3485 0 0 9.4248 2 0
24 -6.0000 338.8779 47.3379 0 0 -6.2832 2 0
24 -6.0000 328.2779 67.3463 0 0 -6.2832 2 0
19 -6.0000 341.5779 67.3357 0 0 6.2832 2 0
17 -6.0000 338.8779 87.3379 0 0 -6.2832 2 0
19 -6.0000 325.5779 107.3485 0 0 9.4248 2 0
20 -6.0000 341.5779 107.3357 0 0 6.2832 2 0
19 -6.0000 325.5779 127.3485 0 0 9.4248 2 0
19 -6.0000 341.5779 127.3357 0 0 6.2832 2 0
18 -6.0000 328.2779 147.3463 0 0 -6.2832 2 0
17 -6.0000 338.8779 147.3379 0 0 -6.2832 2 0
17 -6.0000 338.8779 167.3379 0 0 -6.2832 2 0
19 -6.0000 335.2062 189.3813 0 0 6.6759 2 0
24 -6.0000 311.4711 197.9133 0 0 -7.0686 2 0
17 -6.0000 318.9724 205.4027 0 0 -7.0686 2 0
20 -6.0000 294.6544 203.6163 0 0 10.6029 2 0
20 -6.0000 277.9834 220.9433 0 0 7.8540 2 0
17 -6.0000 261.0177 202.2800 0 0 -8.2467 2 0
18 -6.0000 256.9691 212.0763 0 0 -8.2467 2 0
24 -6.0000 240.0056 196.1129 0 0 -7.8540 2 0
18 -6.0000 220.0056 196.1129 0 0 -7.8540 2 0
18 -6.0000 220.0140 206.7129 0 0 -7.8540 2 0
17 -6.0000 200.0056 196.1129 0 0 -7.8540 2 0
20 -6.0000 183.3206 192.0811 0 0 11.3883 2 0
18 -6.0000 166.5097 186.3772 0 0 -8.6394 2 0
17 -6.0000 159.0203 193.8785 0 0 -8.6394 2 0
18 -6.0000 152.3675 172.2350 0 0 -8.6394 2 0
24 -6.0000 138.2254 158.0929 0 0 -8.6394 2 0
18 -6.0000 124.0833 143.9507 0 0 -8.6394 2 0
20 -6.0000 114.6862 153.3627 0 0 8.6394 2 0
17 -6.0000 88.3096 123.1677 0 0 -8.6394 2 0
