ambient 0.5
headlight 0.1
directional 0.7
lightdir -0.8 1.0 1.0
background 195 210 210
clfactors 1.0 1.0 1.0
objtypes 37
data/steer.geo data/steer.col data/noref.ref data/nocl.cld
data/speed.geo data/speed.col data/noref.ref data/nocl.cld
data/dmod.geo data/dmod.col data/noref.ref data/nocl.cld
data/roads.geo data/road.col data/roads.ref data/road.cld
data/roadlw.geo data/road.col data/roadlw.ref data/road.cld
data/roadln.geo data/road.col data/roadln.ref data/road.cld
data/roadrw.geo data/road.col data/roadrw.ref data/road.cld
data/roadrn.geo data/road.col data/roadrn.ref data/road.cld
data/road25.geo data/road.col data/road25.ref data/road.cld
data/road50.geo data/road.col data/road50.ref data/road.cld
data/road75.geo data/road.col data/road75.ref data/road.cld
data/tunnb.geo data/tunnb.col data/tunn.ref data/tunnb.cld
data/tunn.geo data/tunn.col data/tunn.ref data/tunn.cld
data/bridgec.geo data/bridgec.col data/bridgstr.ref data/bridgec.cld
data/bridges.geo data/bridges.col data/bridges.ref data/nocl.cld
data/start.geo data/start.col data/start.ref data/nocl.cld
data/tree1.geo data/tree1.col data/tree.ref data/tree.cld
data/tree5.geo data/tree5.col data/tree.ref data/tree.cld
data/house1.geo data/house1.col data/house1.ref data/house1.cld
data/house2.geo data/house2c.col data/house2.ref data/house2.cld
data/trs.geo data/trs.col data/trs.ref data/trs.cld
data/wind.geo data/wind.col data/wind.ref data/wind.cld
data/prop.geo data/prop.col data/noref.ref data/nocl.cld
data/tree8.geo data/tree8.col data/tree.ref data/tree.cld
data/glider.geo data/glider.col data/noref.ref data/nocl.cld
data/bridgescl.geo data/bridges.col data/bridgec.ref data/nocl.cld
data/loop4r.geo data/loopblue.col data/loop4r.ref data/loop4r.cld
data/loop2r.geo data/loopgreen.col data/loop2r.ref data/loop2r.cld
data/roadship1.geo data/roadship1.col data/roads.ref data/roadship1.cld
data/loop4l.geo data/loopblue.col data/loop4l.ref data/loop4l.cld
data/loop2l.geo data/loopgreen.col data/loop2l.ref data/loop2l.cld
data/roadship2.geo data/roadship2.col data/roads.ref data/roadship2.cld
data/ground.geo data/ground.col data/noref.ref data/nocl.cld
data/corkr.geo data/cork.col data/corkr.ref data/corkr.cld
data/road11.geo data/road.col data/road11.ref data/road.cld
data/road12.geo data/road.col data/road12.ref data/road.cld
data/roadhill.geo data/roadhill.col data/roads.ref data/roadhill.cld
objects 603
33  -2.0  0.0  0.0  0.0  0.0  0.0  2  0
16 -1.2000 0.0000 20.0000 0 0 0.0000 2 0
21 -1.2000 0.0000 0.0000 0 0 3.1416 5 0
4 -1.2000 0.0000 0.0000 0 0 -0.0000 1 0
4 -1.2000 0.0000 10.0000 0 0 -0.0000 1 0
4 -1.2000 0.0000 20.0000 0 0 -0.0000 1 0
4 -1.2000 0.0000 30.0000 0 0 -0.0000 1 0
4 -1.2000 0.0000 40.0000 0 0 -0.0000 1 0
4 -1.2000 0.0000 50.0000 0 0 -0.0000 1 0
5 -1.2000 0.0000 60.0000 0 0 -0.0000 1 0
4 -1.2000 -1.9383 69.7448 0 0 0.3927 1 0
4 -1.2000 -5.7651 78.9836 0 0 0.3927 1 0
9 -1.2000 -9.5920 88.2224 0 0 0.3927 1 0
9 -0.4000 -13.4188 97.4612 0 0 0.3927 1 0
9 0.4000 -17.2456 106.7000 0 0 0.3927 1 0
4 1.2000 -21.0725 115.9388 0 0 0.3927 1 0
4 1.2000 -24.8993 125.1776 0 0 0.3927 1 0
4 1.2000 -28.7261 134.4164 0 0 0.3927 1 0
7 1.2000 -32.5530 143.6552 0 0 0.3927 1 0
5 1.2000 -34.4914 153.3999 0 0 -0.0000 1 0
5 1.2000 -36.4297 163.1447 0 0 0.3927 1 0
5 1.2000 -41.9496 171.4060 0 0 0.7854 1 0
5 1.2000 -50.2108 176.9260 0 0 1.1781 1 0
5 1.2000 -59.9556 178.8645 0 0 1.5708 1 0
5 1.2000 -69.7004 176.9261 0 0 1.9635 1 0
5 1.2000 -77.9617 171.4062 0 0 2.3562 1 0
5 1.2000 -83.4817 163.1450 0 0 2.7489 1 0
5 1.2000 -85.4201 153.4002 0 0 3.1416 1 0
5 1.2000 -83.4818 143.6554 0 0 3.5343 1 0
7 1.2000 -77.9619 135.3942 0 0 3.9270 1 0
4 1.2000 -72.4418 127.1330 0 0 3.5343 1 0
4 1.2000 -68.6150 117.8942 0 0 3.5343 1 0
4 1.2000 -64.7882 108.6554 0 0 3.5343 1 0
7 1.2000 -60.9613 99.4166 0 0 3.5343 1 0
7 1.2000 -59.0229 89.6718 0 0 3.1416 1 0
8 1.2000 -60.9612 79.9270 0 0 2.7489 1 0
4 1.2000 -67.8519 73.0363 0 0 1.9635 1 0
4 1.2000 -77.0907 69.2095 0 0 1.9635 1 0
4 1.2000 -86.3295 65.3827 0 0 1.9635 1 0
32 1.2000 -95.5683 61.5558 0 0 1.9635 1 0
4 1.2000 -104.8071 57.7290 0 0 1.9635 1 0
4 1.2000 -114.0459 53.9022 0 0 1.9635 1 0
4 1.2000 -123.2847 50.0753 0 0 1.9635 1 0
4 1.2000 -132.5235 46.2485 0 0 1.9635 1 0
4 1.2000 -141.7622 42.4217 0 0 1.9635 1 0
4 1.2000 -151.0010 38.5948 0 0 1.9635 1 0
4 1.2000 -160.2398 34.7680 0 0 1.9635 1 0
4 1.2000 -169.4786 30.9412 0 0 1.9635 1 0
7 1.2000 -178.7174 27.1143 0 0 1.9635 1 0
7 1.2000 -188.4622 25.1759 0 0 1.5708 1 0
4 1.2000 -198.2070 27.1142 0 0 1.1781 1 0
9 0.4000 -216.6846 34.7679 0 0 4.3197 1 0
9 -0.4000 -225.9234 38.5947 0 0 4.3197 1 0
9 -1.2000 -235.1622 42.4215 0 0 4.3197 1 0
4 -1.2000 -235.1622 42.4215 0 0 1.1781 1 0
4 -1.2000 -244.4010 46.2484 0 0 1.1781 1 0
7 -1.2000 -253.6398 50.0752 0 0 1.1781 1 0
7 -1.2000 -261.9010 55.5951 0 0 0.7854 1 0
7 -1.2000 -267.4211 63.8563 0 0 0.3927 1 0
4 -1.2000 -269.3595 73.6011 0 0 0.0000 1 0
4 -1.2000 -269.3595 83.6011 0 0 0.0000 1 0
4 -1.2000 -269.3595 93.6011 0 0 0.0000 1 0
4 -1.2000 -269.3595 103.6011 0 0 0.0000 1 0
4 -1.2000 -269.3595 113.6011 0 0 0.0000 1 0
4 -1.2000 -269.3595 123.6011 0 0 0.0000 1 0
4 -1.2000 -269.3595 133.6011 0 0 0.0000 1 0
7 -1.2000 -269.3595 143.6011 0 0 0.0000 1 0
8 -1.2000 -267.4212 153.3459 0 0 -0.3927 1 0
7 -1.2000 -260.5305 160.2366 0 0 -1.1781 1 0
4 -1.2000 -250.7857 162.1750 0 0 -1.5708 1 0
4 -1.2000 -240.7857 162.1750 0 0 -1.5708 1 0
4 -1.2000 -230.7857 162.1750 0 0 -1.5708 1 0
7 -1.2000 -220.7857 162.1750 0 0 -1.5708 1 0
4 -1.2000 -211.0409 160.2367 0 0 -1.9635 1 0
4 -1.2000 -201.8021 156.4099 0 0 -1.9635 1 0
7 -1.2000 -192.5634 152.5830 0 0 -1.9635 1 0
4 -1.2000 -184.3021 147.0631 0 0 -2.3562 1 0
4 -1.2000 -177.2310 139.9920 0 0 -2.3562 1 0
4 -1.2000 -170.1600 132.9210 0 0 -2.3562 1 0
4 -1.2000 -163.0889 125.8499 0 0 -2.3562 1 0
4 -1.2000 -156.0178 118.7788 0 0 -2.3562 1 0
6 -1.2000 -148.9468 111.7078 0 0 -2.3562 1 0
6 -1.2000 -139.9437 107.9785 0 0 -1.5708 1 0
6 -1.2000 -130.9406 111.7077 0 0 -0.7854 1 0
4 -1.2000 -127.2113 120.7108 0 0 0.0000 1 0
4 -1.2000 -127.2113 130.7108 0 0 0.0000 1 0
4 -1.2000 -127.2113 140.7108 0 0 0.0000 1 0
4 -1.2000 -127.2113 150.7108 0 0 0.0000 1 0
4 -1.2000 -127.2113 160.7108 0 0 0.0000 1 0
4 -1.2000 -127.2113 170.7108 0 0 0.0000 1 0
7 -1.2000 -127.2113 180.7108 0 0 0.0000 1 0
7 -1.2000 -125.2730 190.4556 0 0 -0.3927 1 0
4 -1.2000 -119.7531 198.7169 0 0 -0.7854 1 0
4 -1.2000 -112.6820 205.7880 0 0 -0.7854 1 0
4 -1.2000 -105.6110 212.8590 0 0 -0.7854 1 0
7 -1.2000 -98.5399 219.9301 0 0 -0.7854 1 0
4 -1.2000 -90.2787 225.4501 0 0 -1.1781 1 0
4 -1.2000 -81.0399 229.2770 0 0 -1.1781 1 0
4 -1.2000 -71.8011 233.1038 0 0 -1.1781 1 0
4 -1.2000 -62.5623 236.9306 0 0 -1.1781 1 0
4 -1.2000 -53.3235 240.7575 0 0 -1.1781 1 0
29 -1.2000 -44.0847 244.5843 0 0 -1.1781 1 0
4 -1.2000 -34.8459 248.4111 0 0 -1.1781 1 0
4 -1.2000 -25.6071 252.2380 0 0 -1.1781 1 0
4 -1.2000 -16.3683 256.0648 0 0 -1.1781 1 0
4 -1.2000 -7.1296 259.8916 0 0 -1.1781 1 0
4 -1.2000 2.1092 263.7185 0 0 -1.1781 1 0
4 -1.2000 11.3480 267.5453 0 0 -1.1781 1 0
7 -1.2000 20.5868 271.3721 0 0 -1.1781 1 0
7 -1.2000 30.3316 273.3106 0 0 -1.5708 1 0
4 -1.2000 40.0764 271.3723 0 0 -1.9635 1 0
4 -1.2000 49.3152 267.5454 0 0 -1.9635 1 0
4 -1.2000 58.5540 263.7186 0 0 -1.9635 1 0
4 -1.2000 67.7928 259.8918 0 0 -1.9635 1 0
4 -1.2000 77.0316 256.0649 0 0 -1.9635 1 0
4 -1.2000 86.2704 252.2381 0 0 -1.9635 1 0
4 -1.2000 95.5092 248.4112 0 0 -1.9635 1 0
4 -1.2000 104.7480 244.5844 0 0 -1.9635 1 0
4 -1.2000 113.9868 240.7576 0 0 -1.9635 1 0
7 -1.2000 123.2256 236.9307 0 0 -1.9635 1 0
8 -1.2000 131.4868 231.4108 0 0 -2.3562 1 0
7 -1.2000 135.2160 222.4077 0 0 -3.1416 1 0
7 -1.2000 133.2777 212.6629 0 0 -3.5343 1 0
4 -1.2000 127.7578 204.4017 0 0 -3.9270 1 0
4 -1.2000 120.6867 197.3306 0 0 -3.9270 1 0
4 -1.2000 113.6157 190.2595 0 0 -3.9270 1 0
4 -1.2000 106.5446 183.1885 0 0 -3.9270 1 0
4 -1.2000 99.4735 176.1174 0 0 -3.9270 1 0
4 -1.2000 92.4025 169.0463 0 0 -3.9270 1 0
4 -1.2000 85.3314 161.9753 0 0 -3.9270 1 0
4 -1.2000 78.2603 154.9042 0 0 -3.9270 1 0
4 -1.2000 71.1893 147.8331 0 0 -3.9270 1 0
4 -1.2000 64.1182 140.7621 0 0 -3.9270 1 0
5 -1.2000 57.0471 133.6910 0 0 -3.9270 1 0
5 -1.2000 51.5271 125.4298 0 0 -3.5343 1 0
4 -1.2000 49.5887 115.6850 0 0 -3.1416 1 0
4 -1.2000 49.5887 105.6850 0 0 -3.1416 1 0
4 -1.2000 49.5887 95.6850 0 0 -3.1416 1 0
4 -1.2000 49.5887 85.6850 0 0 -3.1416 1 0
4 -1.2000 49.5887 75.6850 0 0 -3.1416 1 0
4 -1.2000 49.5887 65.6850 0 0 -3.1416 1 0
4 -1.2000 49.5887 55.6850 0 0 -3.1416 1 0
4 -1.2000 49.5887 45.6850 0 0 -3.1416 1 0
4 -1.2000 49.5887 35.6850 0 0 -3.1416 1 0
4 -1.2000 49.5887 25.6850 0 0 -3.1416 1 0
4 -1.2000 49.5887 15.6850 0 0 -3.1416 1 0
4 -1.2000 49.5886 5.6850 0 0 -3.1416 1 0
4 -1.2000 49.5886 -4.3150 0 0 -3.1416 1 0
4 -1.2000 49.5886 -14.3150 0 0 -3.1416 1 0
4 -1.2000 49.5886 -24.3150 0 0 -3.1416 1 0
4 -1.2000 49.5886 -34.3150 0 0 -3.1416 1 0
5 -1.2000 49.5886 -44.3150 0 0 -3.1416 1 0
5 -1.2000 51.5269 -54.0598 0 0 -2.7489 1 0
5 -1.2000 57.0469 -62.3211 0 0 -2.3562 1 0
4 -1.2000 65.3081 -67.8411 0 0 -1.9635 1 0
4 -1.2000 74.5469 -71.6679 0 0 -1.9635 1 0
4 -1.2000 83.7857 -75.4948 0 0 -1.9635 1 0
4 -1.2000 93.0245 -79.3216 0 0 -1.9635 1 0
4 -1.2000 102.2632 -83.1484 0 0 -1.9635 1 0
4 -1.2000 111.5020 -86.9753 0 0 -1.9635 1 0
4 -1.2000 120.7408 -90.8021 0 0 -1.9635 1 0
4 -1.2000 129.9796 -94.6289 0 0 -1.9635 1 0
4 -1.2000 139.2184 -98.4558 0 0 -1.9635 1 0
4 -1.2000 148.4572 -102.2826 0 0 -1.9635 1 0
5 -1.2000 157.6960 -106.1094 0 0 -1.9635 1 0
5 -1.2000 167.4408 -108.0479 0 0 -1.5708 1 0
4 -1.2000 177.1856 -106.1096 0 0 -1.1781 1 0
4 -1.2000 186.4244 -102.2827 0 0 -1.1781 1 0
4 -1.2000 195.6632 -98.4559 0 0 -1.1781 1 0
4 -1.2000 204.9020 -94.6291 0 0 -1.1781 1 0
5 -1.2000 214.1408 -90.8022 0 0 -1.1781 1 0
5 -1.2000 222.4020 -85.2823 0 0 -0.7854 1 0
4 -1.2000 227.9221 -77.0211 0 0 -0.3927 1 0
4 -1.2000 231.7489 -67.7823 0 0 -0.3927 1 0
4 -1.2000 235.5757 -58.5435 0 0 -0.3927 1 0
4 -1.2000 239.4026 -49.3047 0 0 -0.3927 1 0
4 -1.2000 243.2294 -40.0659 0 0 -0.3927 1 0
4 -1.2000 247.0562 -30.8271 0 0 -0.3927 1 0
4 -1.2000 250.8831 -21.5883 0 0 -0.3927 1 0
4 -1.2000 254.7099 -12.3495 0 0 -0.3927 1 0
4 -1.2000 258.5367 -3.1107 0 0 -0.3927 1 0
4 -1.2000 262.3636 6.1281 0 0 -0.3927 1 0
4 -1.2000 266.1904 15.3669 0 0 -0.3927 1 0
4 -1.2000 270.0173 24.6057 0 0 -0.3927 1 0
4 -1.2000 273.8441 33.8444 0 0 -0.3927 1 0
4 -1.2000 277.6709 43.0832 0 0 -0.3927 1 0
7 -1.2000 281.4978 52.3220 0 0 -0.3927 1 0
8 -1.2000 287.0177 60.5833 0 0 -0.7854 1 0
8 -1.2000 296.0208 64.3125 0 0 -1.5708 1 0
8 -1.2000 305.0239 60.5833 0 0 -2.3562 1 0
7 -1.2000 308.7531 51.5802 0 0 -3.1416 1 0
4 -1.2000 306.8148 41.8354 0 0 -3.5343 1 0
4 -1.2000 302.9880 32.5966 0 0 -3.5343 1 0
4 -1.2000 299.1611 23.3578 0 0 -3.5343 1 0
4 -1.2000 295.3343 14.1190 0 0 -3.5343 1 0
4 -1.2000 291.5074 4.8802 0 0 -3.5343 1 0
4 -1.2000 287.6806 -4.3586 0 0 -3.5343 1 0
4 -1.2000 283.8538 -13.5973 0 0 -3.5343 1 0
4 -1.2000 280.0269 -22.8361 0 0 -3.5343 1 0
4 -1.2000 276.2001 -32.0749 0 0 -3.5343 1 0
4 -1.2000 272.3733 -41.3137 0 0 -3.5343 1 0
4 -1.2000 268.5464 -50.5525 0 0 -3.5343 1 0
4 -1.2000 264.7196 -59.7913 0 0 -3.5343 1 0
4 -1.2000 260.8928 -69.0301 0 0 -3.5343 1 0
4 -1.2000 257.0659 -78.2689 0 0 -3.5343 1 0
4 -1.2000 253.2391 -87.5077 0 0 -3.5343 1 0
4 -1.2000 249.4122 -96.7465 0 0 -3.5343 1 0
4 -1.2000 245.5854 -105.9853 0 0 -3.5343 1 0
4 -1.2000 241.7586 -115.2241 0 0 -3.5343 1 0
4 -1.2000 237.9317 -124.4629 0 0 -3.5343 1 0
4 -1.2000 234.1049 -133.7017 0 0 -3.5343 1 0
4 -1.2000 230.2781 -142.9405 0 0 -3.5343 1 0
32 -1.2000 226.4512 -152.1793 0 0 -3.5343 1 0
4 -1.2000 222.6244 -161.4181 0 0 -3.5343 1 0
4 -1.2000 218.7976 -170.6569 0 0 -3.5343 1 0
4 -1.2000 214.9707 -179.8957 0 0 -3.5343 1 0
4 -1.2000 211.1439 -189.1344 0 0 -3.5343 1 0
4 -1.2000 207.3171 -198.3732 0 0 -3.5343 1 0
4 -1.2000 203.4902 -207.6120 0 0 -3.5343 1 0
4 -1.2000 199.6634 -216.8508 0 0 -3.5343 1 0
4 -1.2000 195.8365 -226.0896 0 0 -3.5343 1 0
4 -1.2000 192.0097 -235.3284 0 0 -3.5343 1 0
4 -1.2000 188.1829 -244.5672 0 0 -3.5343 1 0
7 -1.2000 184.3560 -253.8060 0 0 -3.5343 1 0
7 -1.2000 178.8361 -262.0673 0 0 -3.9270 1 0
7 -1.2000 170.5749 -267.5873 0 0 -4.3197 1 0
7 -1.2000 160.8301 -269.5257 0 0 -4.7124 1 0
4 -1.2000 151.0853 -267.5874 0 0 -5.1051 1 0
4 -1.2000 141.8465 -263.7606 0 0 -5.1051 1 0
4 -1.2000 132.6077 -259.9337 0 0 -5.1051 1 0
4 -1.2000 123.3689 -256.1069 0 0 -5.1051 1 0
4 -1.2000 114.1302 -252.2801 0 0 -5.1051 1 0
4 -1.2000 104.8914 -248.4532 0 0 -5.1051 1 0
4 -1.2000 95.6526 -244.6264 0 0 -5.1051 1 0
4 -1.2000 86.4138 -240.7996 0 0 -5.1051 1 0
4 -1.2000 77.1750 -236.9727 0 0 -5.1051 1 0
4 -1.2000 67.9362 -233.1459 0 0 -5.1051 1 0
4 -1.2000 58.6974 -229.3191 0 0 -5.1051 1 0
4 -1.2000 49.4586 -225.4922 0 0 -5.1051 1 0
4 -1.2000 40.2198 -221.6654 0 0 -5.1051 1 0
4 -1.2000 30.9810 -217.8385 0 0 -5.1051 1 0
29 -1.2000 21.7422 -214.0117 0 0 -5.1051 1 0
4 -1.2000 12.5034 -210.1849 0 0 -5.1051 1 0
4 -1.2000 3.2646 -206.3580 0 0 -5.1051 1 0
4 -1.2000 -5.9742 -202.5312 0 0 -5.1051 1 0
4 -1.2000 -15.2130 -198.7044 0 0 -5.1051 1 0
4 -1.2000 -24.4518 -194.8775 0 0 -5.1051 1 0
4 -1.2000 -33.6906 -191.0507 0 0 -5.1051 1 0
4 -1.2000 -42.9293 -187.2238 0 0 -5.1051 1 0
4 -1.2000 -52.1681 -183.3970 0 0 -5.1051 1 0
4 -1.2000 -61.4069 -179.5702 0 0 -5.1051 1 0
7 -1.2000 -70.6457 -175.7433 0 0 -5.1051 1 0
7 -1.2000 -78.9070 -170.2234 0 0 -5.4978 1 0
4 -1.2000 -84.4270 -161.9622 0 0 -5.8905 1 0
4 -1.2000 -88.2539 -152.7234 0 0 -5.8905 1 0
4 -1.2000 -92.0807 -143.4846 0 0 -5.8905 1 0
4 -1.2000 -95.9075 -134.2458 0 0 -5.8905 1 0
4 -1.2000 -99.7344 -125.0070 0 0 -5.8905 1 0
4 -1.2000 -103.5612 -115.7682 0 0 -5.8905 1 0
4 -1.2000 -107.3880 -106.5294 0 0 -5.8905 1 0
9 -1.2000 -111.2148 -97.2906 0 0 -5.8905 1 0
9 -0.4000 -115.0417 -88.0518 0 0 -5.8905 1 0
9 0.4000 -118.8685 -78.8130 0 0 -5.8905 1 0
9 1.2000 -122.6953 -69.5742 0 0 -5.8905 1 0
9 2.0000 -126.5222 -60.3354 0 0 -5.8905 1 0
9 2.8000 -130.3490 -51.0967 0 0 -5.8905 1 0
4 3.6000 -134.1758 -41.8579 0 0 -5.8905 1 0
4 3.6000 -138.0027 -32.6191 0 0 -5.8905 1 0
4 3.6000 -141.8295 -23.3803 0 0 -5.8905 1 0
4 3.6000 -145.6563 -14.1415 0 0 -5.8905 1 0
14 3.6000 -149.4832 -4.9027 0 0 -5.8905 1 0
26 6.0000 -153.3100 4.3361 0 0 -5.8905 1 0
15 8.4000 -157.1368 13.5749 0 0 -5.8905 1 0
15 8.4000 -160.9637 22.8137 0 0 -5.8905 1 0
15 8.4000 -164.7905 32.0525 0 0 -5.8905 1 0
15 8.4000 -168.6173 41.2913 0 0 -5.8905 1 0
26 6.0000 -176.2710 59.7689 0 0 -2.7489 1 0
14 3.6000 -180.0978 69.0077 0 0 -2.7489 1 0
4 3.6000 -180.0978 69.0077 0 0 -5.8905 1 0
5 3.6000 -183.9247 78.2465 0 0 -5.8905 1 0
5 3.6000 -189.4446 86.5078 0 0 -5.4978 1 0
5 3.6000 -197.7058 92.0278 0 0 -5.1051 1 0
4 3.6000 -207.4506 93.9662 0 0 -4.7124 1 0
4 3.6000 -217.4506 93.9662 0 0 -4.7124 1 0
4 3.6000 -227.4506 93.9662 0 0 -4.7124 1 0
14 3.6000 -237.4506 93.9662 0 0 -4.7124 1 0
26 6.0000 -247.4506 93.9662 0 0 -4.7124 1 0
15 8.4000 -257.4506 93.9662 0 0 -4.7124 1 0
15 8.4000 -267.4506 93.9662 0 0 -4.7124 1 0
15 8.4000 -277.4506 93.9662 0 0 -4.7124 1 0
26 6.0000 -297.4506 93.9662 0 0 -1.5708 1 0
14 3.6000 -307.4506 93.9662 0 0 -1.5708 1 0
4 3.6000 -307.4506 93.9662 0 0 -4.7124 1 0
4 3.6000 -317.4506 93.9662 0 0 -4.7124 1 0
5 3.6000 -327.4506 93.9662 0 0 -4.7124 1 0
6 3.6000 -337.1954 92.0279 0 0 -4.3197 1 0
5 3.6000 -344.0860 85.1373 0 0 -3.5343 1 0
4 3.6000 -346.0245 75.3925 0 0 -3.1416 1 0
4 3.6000 -346.0245 65.3925 0 0 -3.1416 1 0
4 3.6000 -346.0245 55.3925 0 0 -3.1416 1 0
4 3.6000 -346.0245 45.3925 0 0 -3.1416 1 0
4 3.6000 -346.0245 35.3925 0 0 -3.1416 1 0
4 3.6000 -346.0245 25.3925 0 0 -3.1416 1 0
4 3.6000 -346.0245 15.3925 0 0 -3.1416 1 0
4 3.6000 -346.0245 5.3925 0 0 -3.1416 1 0
4 3.6000 -346.0245 -4.6075 0 0 -3.1416 1 0
4 3.6000 -346.0245 -14.6075 0 0 -3.1416 1 0
4 3.6000 -346.0245 -24.6075 0 0 -3.1416 1 0
4 3.6000 -346.0245 -34.6075 0 0 -3.1416 1 0
4 3.6000 -346.0245 -44.6075 0 0 -3.1416 1 0
5 3.6000 -346.0245 -54.6075 0 0 -3.1416 1 0
5 3.6000 -344.0862 -64.3523 0 0 -2.7489 1 0
5 3.6000 -338.5662 -72.6136 0 0 -2.3562 1 0
4 3.6000 -330.3050 -78.1336 0 0 -1.9635 1 0
4 3.6000 -321.0662 -81.9604 0 0 -1.9635 1 0
4 3.6000 -311.8275 -85.7873 0 0 -1.9635 1 0
4 3.6000 -302.5887 -89.6141 0 0 -1.9635 1 0
5 3.6000 -293.3499 -93.4409 0 0 -1.9635 1 0
4 3.6000 -283.6051 -95.3794 0 0 -1.5708 1 0
4 3.6000 -273.6051 -95.3794 0 0 -1.5708 1 0
4 3.6000 -263.6051 -95.3794 0 0 -1.5708 1 0
4 3.6000 -253.6051 -95.3794 0 0 -1.5708 1 0
4 3.6000 -243.6051 -95.3794 0 0 -1.5708 1 0
4 3.6000 -233.6051 -95.3794 0 0 -1.5708 1 0
4 3.6000 -223.6051 -95.3794 0 0 -1.5708 1 0
4 3.6000 -213.6051 -95.3794 0 0 -1.5708 1 0
4 3.6000 -203.6051 -95.3794 0 0 -1.5708 1 0
4 3.6000 -193.6051 -95.3794 0 0 -1.5708 1 0
4 3.6000 -183.6051 -95.3794 0 0 -1.5708 1 0
4 3.6000 -173.6051 -95.3794 0 0 -1.5708 1 0
4 3.6000 -163.6051 -95.3794 0 0 -1.5708 1 0
14 3.6000 -153.6051 -95.3794 0 0 -1.5708 1 0
26 6.0000 -143.6051 -95.3794 0 0 -1.5708 1 0
15 8.4000 -133.6051 -95.3794 0 0 -1.5708 1 0
15 8.4000 -123.6051 -95.3794 0 0 -1.5708 1 0
15 8.4000 -113.6051 -95.3794 0 0 -1.5708 1 0
15 8.4000 -103.6051 -95.3794 0 0 -1.5708 1 0
26 6.0000 -83.6051 -95.3794 0 0 1.5708 1 0
14 3.6000 -73.6051 -95.3794 0 0 1.5708 1 0
4 3.6000 -73.6051 -95.3794 0 0 -1.5708 1 0
4 3.6000 -63.6051 -95.3794 0 0 -1.5708 1 0
7 3.6000 -53.6051 -95.3794 0 0 -1.5708 1 0
4 3.6000 -43.8603 -97.3177 0 0 -1.9635 1 0
4 3.6000 -34.6215 -101.1445 0 0 -1.9635 1 0
4 3.6000 -25.3827 -104.9713 0 0 -1.9635 1 0
4 3.6000 -16.1439 -108.7982 0 0 -1.9635 1 0
4 3.6000 -6.9051 -112.6250 0 0 -1.9635 1 0
4 3.6000 2.3337 -116.4518 0 0 -1.9635 1 0
4 3.6000 11.5725 -120.2787 0 0 -1.9635 1 0
4 3.6000 20.8113 -124.1055 0 0 -1.9635 1 0
4 3.6000 30.0501 -127.9324 0 0 -1.9635 1 0
4 3.6000 39.2889 -131.7592 0 0 -1.9635 1 0
4 3.6000 48.5277 -135.5860 0 0 -1.9635 1 0
4 3.6000 57.7665 -139.4129 0 0 -1.9635 1 0
4 3.6000 67.0053 -143.2397 0 0 -1.9635 1 0
4 3.6000 76.2440 -147.0665 0 0 -1.9635 1 0
4 3.6000 85.4828 -150.8934 0 0 -1.9635 1 0
4 3.6000 94.7216 -154.7202 0 0 -1.9635 1 0
4 3.6000 103.9604 -158.5470 0 0 -1.9635 1 0
4 3.6000 113.1992 -162.3739 0 0 -1.9635 1 0
4 3.6000 122.4380 -166.2007 0 0 -1.9635 1 0
21 3.6000 131.6768 -170.0275 0 0 -1.9635 5 0
16 3.6000 113.1992 -162.3739 0 0 -1.9635 2 0
20 -1.2000 5.5000 39.9956 0 0 -0.0000 2 0
17 -1.2000 -5.3000 60.0042 0 0 0.0000 2 0
19 -1.2000 -10.8481 76.8829 0 0 3.5343 2 0
24 -1.2000 -0.8670 81.0079 0 0 -0.3927 2 0
18 -0.6000 -18.3170 95.4369 0 0 -0.3927 2 0
17 -0.6000 -8.5206 99.4855 0 0 -0.3927 2 0
18 1.0000 -25.9706 113.9145 0 0 -0.3927 2 0
17 1.2000 -33.6243 132.3920 0 0 -0.3927 2 0
24 1.2000 -23.8280 136.4407 0 0 -0.3927 2 0
17 1.2000 -29.1914 153.3957 0 0 0.0000 2 0
17 1.2000 -45.7003 167.6613 0 0 -0.7854 2 0
24 1.2000 -38.1990 175.1507 0 0 -0.7854 2 0
18 1.2000 -59.9598 173.5645 0 0 -1.5708 2 0
24 1.2000 -59.9514 184.1644 0 0 -1.5708 2 0
17 1.2000 -74.2170 167.6556 0 0 -2.3562 2 0
24 1.2000 -81.7063 175.1569 0 0 -2.3562 2 0
17 1.2000 -90.7201 153.4045 0 0 -3.1416 2 0
17 1.2000 -74.2112 139.1389 0 0 -3.9270 2 0
24 1.2000 -81.7125 131.6495 0 0 -3.9270 2 0
17 1.2000 -63.7168 119.9185 0 0 -3.5343 2 0
24 1.2000 -73.5132 115.8699 0 0 -3.5343 2 0
17 1.2000 -56.0632 101.4409 0 0 -3.5343 2 0
17 1.2000 -56.0663 77.8949 0 0 -2.7489 2 0
24 1.2000 -65.8562 81.9591 0 0 -2.7489 2 0
24 1.2000 -75.0664 64.3113 0 0 -1.9635 2 0
17 1.2000 -112.0215 49.0040 0 0 -1.9635 2 0
17 1.2000 -116.0702 58.8003 0 0 -1.9635 2 0
19 1.2000 -130.4227 41.1655 0 0 5.1051 2 0
18 1.2000 -134.5478 51.1467 0 0 -1.9635 2 0
18 1.2000 -153.0254 43.4930 0 0 -1.9635 2 0
24 1.2000 -167.4543 26.0430 0 0 -1.9635 2 0
17 1.2000 -171.5030 35.8393 0 0 -1.9635 2 0
18 1.0000 -209.4779 26.0461 0 0 -1.1781 2 0
24 1.0000 -205.4137 35.8360 0 0 -1.1781 2 0
17 -0.6000 -227.9555 33.6998 0 0 -1.1781 2 0
24 -0.6000 -223.8913 43.4896 0 0 -1.1781 2 0
17 -1.4000 -242.3689 51.1433 0 0 -1.1781 2 0
24 -1.2000 -258.1504 59.3398 0 0 -0.7854 2 0
19 -1.2000 -274.8595 73.6055 0 0 3.1416 2 0
17 -1.2000 -264.0595 73.5969 0 0 -0.0000 2 0
18 -1.2000 -274.6595 93.6053 0 0 -0.0000 2 0
17 -1.2000 -264.0595 93.5969 0 0 -0.0000 2 0
17 -1.2000 -274.6595 113.6053 0 0 -0.0000 2 0
17 -1.2000 -264.0595 113.5969 0 0 -0.0000 2 0
19 -1.2000 -274.8595 133.6055 0 0 3.1416 2 0
17 -1.2000 -264.0595 133.5969 0 0 -0.0000 2 0
24 -1.2000 -262.5262 151.3138 0 0 0.3927 2 0
20 -1.2000 -250.7814 167.6750 0 0 1.5708 2 0
24 -1.2000 -250.7900 156.8750 0 0 1.5708 2 0
24 -1.2000 -230.7815 167.4750 0 0 1.5708 2 0
18 -1.2000 -209.0088 165.1316 0 0 1.9635 2 0
24 -1.2000 -213.0731 155.3418 0 0 1.9635 2 0
18 -1.2000 -194.5955 147.6881 0 0 1.9635 2 0
24 -1.2000 -173.4804 143.7367 0 0 2.3562 2 0
19 -1.2000 -181.1232 136.1060 0 0 -2.3562 2 0
17 -1.2000 -159.3382 129.5946 0 0 2.3562 2 0
18 -1.2000 -166.8395 122.1052 0 0 2.3562 2 0
17 -1.2000 -152.6974 107.9631 0 0 2.3562 2 0
24 -1.2000 -134.6852 115.4584 0 0 0.7854 2 0
17 -1.2000 -127.1959 107.9571 0 0 0.7854 2 0
18 -1.2000 -132.5113 130.7151 0 0 -0.0000 2 0
18 -1.2000 -121.9113 130.7066 0 0 -0.0000 2 0
20 -1.2000 -132.7113 150.7152 0 0 3.1416 2 0
17 -1.2000 -132.5113 170.7151 0 0 -0.0000 2 0
17 -1.2000 -121.9113 170.7066 0 0 -0.0000 2 0
20 -1.2000 -130.3527 192.5644 0 0 2.7489 2 0
20 -1.2000 -120.1934 188.3468 0 0 -0.3927 2 0
18 -1.2000 -108.9374 202.0373 0 0 0.7854 2 0
18 -1.2000 -102.2846 223.6808 0 0 0.7854 2 0
19 -1.2000 -94.6539 216.0379 0 0 -0.7854 2 0
24 -1.2000 -83.0642 234.1751 0 0 1.1781 2 0
17 -1.2000 -79.0156 224.3788 0 0 1.1781 2 0
17 -1.2000 -64.5866 241.8288 0 0 1.1781 2 0
17 -1.2000 -60.5380 232.0325 0 0 1.1781 2 0
18 -1.2000 -46.1091 249.4825 0 0 1.1781 2 0
24 -1.2000 -27.6315 257.1361 0 0 1.1781 2 0
20 -1.2000 -23.5064 247.1550 0 0 -1.1781 2 0
19 -1.2000 -9.2303 264.9747 0 0 1.9635 2 0
18 -1.2000 -5.1052 254.9935 0 0 1.1781 2 0
19 -1.2000 9.2473 272.6283 0 0 1.9635 2 0
17 -1.2000 13.3724 262.6471 0 0 1.1781 2 0
24 -1.2000 30.3358 278.6106 0 0 1.5708 2 0
17 -1.2000 30.3274 268.0106 0 0 1.5708 2 0
17 -1.2000 51.3473 272.4404 0 0 1.9635 2 0
19 -1.2000 69.9016 264.9714 0 0 1.1781 2 0
19 -1.2000 84.1616 247.1584 0 0 -1.9635 2 0
18 -1.2000 106.7801 249.4794 0 0 1.9635 2 0
18 -1.2000 102.7159 239.6895 0 0 1.9635 2 0
17 -1.2000 121.1934 232.0358 0 0 1.9635 2 0
20 -1.2000 140.7160 222.4033 0 0 0.0000 2 0
18 -1.2000 129.9160 222.4119 0 0 3.1416 2 0
17 -1.2000 131.5025 200.6510 0 0 3.9270 2 0
20 -1.2000 123.8718 208.2938 0 0 -3.9270 2 0
18 -1.2000 117.3603 186.5089 0 0 3.9270 2 0
18 -1.2000 103.2182 172.3667 0 0 3.9270 2 0
24 -1.2000 95.7289 179.8680 0 0 3.9270 2 0
24 -1.2000 89.0761 158.2246 0 0 3.9270 2 0
19 -1.2000 75.0752 143.9409 0 0 -0.7854 2 0
17 -1.2000 67.4446 151.5838 0 0 3.9270 2 0
17 -1.2000 60.7918 129.9403 0 0 3.9270 2 0
17 -1.2000 53.3024 137.4416 0 0 3.9270 2 0
24 -1.2000 44.2887 115.6892 0 0 3.1416 2 0
17 -1.2000 54.8887 95.6808 0 0 3.1416 2 0
18 -1.2000 44.2887 95.6892 0 0 3.1416 2 0
19 -1.2000 55.0887 75.6806 0 0 0.0000 2 0
18 -1.2000 44.2887 75.6892 0 0 3.1416 2 0
20 -1.2000 55.0887 55.6806 0 0 0.0000 2 0
17 -1.2000 44.2887 55.6892 0 0 3.1416 2 0
24 -1.2000 44.2887 15.6892 0 0 3.1416 2 0
24 -1.2000 54.8886 -4.3192 0 0 3.1416 2 0
17 -1.2000 44.2886 -4.3108 0 0 3.1416 2 0
24 -1.2000 54.8886 -24.3192 0 0 3.1416 2 0
24 -1.2000 44.2886 -24.3108 0 0 3.1416 2 0
17 -1.2000 60.7975 -58.5764 0 0 2.3562 2 0
17 -1.2000 53.2962 -66.0657 0 0 2.3562 2 0
18 -1.2000 95.0566 -74.4266 0 0 1.9635 2 0
18 -1.2000 90.9923 -84.2165 0 0 1.9635 2 0
19 -1.2000 113.6108 -81.8956 0 0 1.1781 2 0
18 -1.2000 127.9475 -99.5239 0 0 1.9635 2 0
18 -1.2000 150.4893 -97.3877 0 0 1.9635 2 0
18 -1.2000 146.4251 -107.1775 0 0 1.9635 2 0
18 -1.2000 167.4366 -113.3479 0 0 1.5708 2 0
17 -1.2000 184.4001 -97.3845 0 0 1.1781 2 0
20 -1.2000 188.5251 -107.3657 0 0 -1.1781 2 0
17 -1.2000 202.8777 -89.7309 0 0 1.1781 2 0
24 -1.2000 206.9263 -99.5272 0 0 1.1781 2 0
18 -1.2000 218.6574 -81.5316 0 0 0.7854 2 0
18 -1.2000 226.1467 -89.0329 0 0 0.7854 2 0
19 -1.2000 226.6692 -65.6735 0 0 2.7489 2 0
24 -1.2000 234.5076 -47.2726 0 0 0.3927 2 0
17 -1.2000 244.2975 -51.3368 0 0 0.3927 2 0
24 -1.2000 242.1613 -28.7950 0 0 0.3927 2 0
20 -1.2000 249.6303 -10.2407 0 0 2.7489 2 0
18 -1.2000 259.6049 -14.3816 0 0 0.3927 2 0
18 -1.2000 257.4686 8.1602 0 0 0.3927 2 0
19 -1.2000 267.4432 4.0193 0 0 -0.3927 2 0
24 -1.2000 265.1223 26.6378 0 0 0.3927 2 0
17 -1.2000 274.9122 22.5735 0 0 0.3927 2 0
17 -1.2000 272.7760 45.1154 0 0 0.3927 2 0
24 -1.2000 282.5659 41.0511 0 0 0.3927 2 0
24 -1.2000 283.2730 64.3340 0 0 0.7854 2 0
18 -1.2000 290.7624 56.8327 0 0 0.7854 2 0
24 -1.2000 308.7745 64.3280 0 0 2.3562 2 0
24 -1.2000 301.2732 56.8386 0 0 2.3562 2 0
17 -1.2000 311.7097 39.8033 0 0 3.5343 2 0
17 -1.2000 304.0561 21.3257 0 0 3.5343 2 0
19 -1.2000 286.4278 6.9890 0 0 -3.5343 2 0
24 -1.2000 288.7487 -15.6295 0 0 3.5343 2 0
24 -1.2000 278.9588 -11.5652 0 0 3.5343 2 0
24 -1.2000 281.0950 -34.1071 0 0 3.5343 2 0
19 -1.2000 271.1204 -29.9661 0 0 -3.5343 2 0
24 -1.2000 263.6515 -48.5204 0 0 3.5343 2 0
18 -1.2000 265.7877 -71.0622 0 0 3.5343 2 0
24 -1.2000 258.1340 -89.5398 0 0 3.5343 2 0
24 -1.2000 248.3441 -85.4756 0 0 3.5343 2 0
17 -1.2000 250.4804 -108.0174 0 0 3.5343 2 0
18 -1.2000 242.8267 -126.4950 0 0 3.5343 2 0
17 -1.2000 233.0368 -122.4308 0 0 3.5343 2 0
18 -1.2000 217.7295 -159.3859 0 0 3.5343 2 0
24 -1.2000 212.2120 -200.4054 0 0 3.5343 2 0
20 -1.2000 202.2374 -196.2644 0 0 -3.5343 2 0
17 -1.2000 204.5583 -218.8830 0 0 3.5343 2 0
19 -1.2000 186.9301 -233.2196 0 0 -3.5343 2 0
24 -1.2000 189.2510 -255.8381 0 0 3.5343 2 0
18 -1.2000 179.4611 -251.7739 0 0 3.5343 2 0
17 -1.2000 172.5992 -272.4855 0 0 4.3197 2 0
19 -1.2000 153.1941 -262.5078 0 0 -5.1051 2 0
17 -1.2000 130.5756 -264.8287 0 0 5.1051 2 0
24 -1.2000 134.6399 -255.0388 0 0 5.1051 2 0
18 -1.2000 112.0980 -257.1750 0 0 5.1051 2 0
18 -1.2000 97.6847 -239.7315 0 0 5.1051 2 0
18 -1.2000 75.1429 -241.8677 0 0 5.1051 2 0
20 -1.2000 79.2838 -231.8931 0 0 -5.1051 2 0
17 -1.2000 56.6653 -234.2140 0 0 5.1051 2 0
17 -1.2000 60.7295 -224.4241 0 0 5.1051 2 0
18 -1.2000 38.1877 -226.5603 0 0 5.1051 2 0
17 -1.2000 42.2519 -216.7704 0 0 5.1051 2 0
19 -1.2000 19.6334 -219.0914 0 0 -1.9635 2 0
18 -1.2000 1.2325 -211.2530 0 0 5.1051 2 0
18 -1.2000 -17.2451 -203.5993 0 0 5.1051 2 0
24 -1.2000 -31.6584 -186.1557 0 0 5.1051 2 0
19 -1.2000 -54.2770 -188.4767 0 0 -1.9635 2 0
18 -1.2000 -50.1360 -178.5021 0 0 5.1051 2 0
18 -1.2000 -72.6779 -180.6383 0 0 5.1051 2 0
17 -1.2000 -68.6136 -170.8484 0 0 5.1051 2 0
18 -1.2000 -89.3252 -163.9865 0 0 5.8905 2 0
17 -1.2000 -112.2862 -108.5538 0 0 5.8905 2 0
24 -1.2000 -102.4898 -104.5051 0 0 5.8905 2 0
17 -0.6000 -119.9399 -90.0762 0 0 5.8905 2 0
24 1.0000 -117.7972 -67.5499 0 0 5.8905 2 0
18 2.6000 -135.2472 -53.1210 0 0 5.8905 2 0
24 2.6000 -125.4508 -49.0723 0 0 5.8905 2 0
17 3.4000 -133.1045 -30.5947 0 0 5.8905 2 0
17 3.6000 -199.7379 87.1329 0 0 5.1051 2 0
24 3.6000 -217.4548 88.6662 0 0 4.7124 2 0
24 3.6000 -217.4463 99.2662 0 0 4.7124 2 0
17 3.6000 -335.1710 87.1298 0 0 4.3197 2 0
24 3.6000 -339.2197 96.9261 0 0 4.3197 2 0
24 3.6000 -351.3244 75.3967 0 0 3.1416 2 0
18 3.6000 -340.7245 55.3883 0 0 3.1416 2 0
19 3.6000 -351.5245 55.3969 0 0 -3.1416 2 0
17 3.6000 -340.7245 35.3883 0 0 3.1416 2 0
18 3.6000 -351.3245 35.3967 0 0 3.1416 2 0
17 3.6000 -340.7245 15.3883 0 0 3.1416 2 0
17 3.6000 -351.3245 15.3967 0 0 3.1416 2 0
17 3.6000 -340.7245 -4.6117 0 0 3.1416 2 0
24 3.6000 -351.3245 -4.6033 0 0 3.1416 2 0
17 3.6000 -340.7245 -24.6117 0 0 3.1416 2 0
24 3.6000 -351.3245 -24.6033 0 0 3.1416 2 0
24 3.6000 -340.7245 -44.6117 0 0 3.1416 2 0
19 3.6000 -351.5245 -44.6031 0 0 -3.1416 2 0
17 3.6000 -339.1880 -62.3280 0 0 2.7489 2 0
17 3.6000 -348.9843 -66.3766 0 0 2.7489 2 0
19 3.6000 -328.1962 -73.0539 0 0 1.1781 2 0
17 3.6000 -332.3372 -83.0285 0 0 1.9635 2 0
19 3.6000 -309.7186 -80.7076 0 0 1.1781 2 0
19 3.6000 -313.9363 -90.8669 0 0 -1.9635 2 0
17 3.6000 -291.3177 -88.5460 0 0 1.9635 2 0
17 3.6000 -295.3820 -98.3359 0 0 1.9635 2 0
17 3.6000 -273.6093 -100.6794 0 0 1.5708 2 0
19 3.6000 -253.6095 -100.8794 0 0 -1.5708 2 0
24 3.6000 -233.6009 -90.0794 0 0 1.5708 2 0
17 3.6000 -233.6093 -100.6794 0 0 1.5708 2 0
20 3.6000 -213.6007 -89.8794 0 0 1.5708 2 0
18 3.6000 -213.6093 -100.6794 0 0 1.5708 2 0
20 3.6000 -193.6095 -100.8794 0 0 -1.5708 2 0
17 3.6000 -173.6009 -90.0794 0 0 1.5708 2 0
18 3.6000 -173.6093 -100.6794 0 0 1.5708 2 0
24 3.6000 -53.6009 -90.0794 0 0 1.5708 2 0
18 3.6000 -32.5894 -96.2496 0 0 1.9635 2 0
18 3.6000 -36.6536 -106.0395 0 0 1.9635 2 0
17 3.6000 -14.1118 -103.9032 0 0 1.9635 2 0
20 3.6000 4.4425 -111.3722 0 0 1.1781 2 0
18 3.6000 22.8434 -119.2106 0 0 1.9635 2 0
17 3.6000 18.7792 -129.0005 0 0 1.9635 2 0
17 3.6000 41.3210 -126.8642 0 0 1.9635 2 0
24 3.6000 59.7986 -134.5179 0 0 1.9635 2 0
18 3.6000 78.2762 -142.1716 0 0 1.9635 2 0
20 3.6000 74.1352 -152.1462 0 0 -1.9635 2 0
17 3.6000 111.1671 -167.2688 0 0 1.9635 2 0
