ambient 0.5
headlight 0.2
directional 0.75
lightdir -1.0 1.0 1.5
background 190 210 225
clfactors 1.0 1.0 1.0
objtypes 37
data/steer.geo data/steer.col data/noref.ref data/nocl.cld
data/speed.geo data/speed.col data/noref.ref data/nocl.cld
data/dmod.geo data/dmod.col data/noref.ref data/nocl.cld
data/roads.geo data/road.col data/roads.ref data/road.cld
data/roadlw.geo data/road.col data/roadlw.ref data/road.cld
data/roadln.geo data/road.col data/roadln.ref data/road.cld
data/roadrw.geo data/road.col data/roadrw.ref data/road.cld
data/roadrn.geo data/road.col data/roadrn.ref data/road.cld
data/road25.geo data/road.col data/road25.ref data/road.cld
data/road50.geo data/road.col data/road50.ref data/road.cld
data/road75.geo data/road.col data/road75.ref data/road.cld
data/tunnb.geo data/tunnb.col data/tunn.ref data/tunnb.cld
data/tunn.geo data/tunn.col data/tunn.ref data/tunn.cld
data/bridgec.geo data/bridgec.col data/bridgstr.ref data/bridgec.cld
data/bridges.geo data/bridges.col data/bridges.ref data/nocl.cld
data/start.geo data/start.col data/start.ref data/nocl.cld
data/tree8.geo data/tree8.col data/tree.ref data/tree.cld
data/tree3.geo data/tree3.col data/tree.ref data/tree.cld
data/block3.geo data/block3.col data/noref.ref data/block3.cld
data/block4.geo data/block4.col data/noref.ref data/block4.cld
data/trs.geo data/trs.col data/trs.ref data/trs.cld
data/wind.geo data/wind.col data/wind.ref data/wind.cld
data/prop.geo data/prop.col data/noref.ref data/nocl.cld
data/tree5.geo data/tree5.col data/tree.ref data/tree.cld
data/glider.geo data/glider.col data/noref.ref data/nocl.cld
data/bridgescl.geo data/bridges.col data/bridgec.ref data/nocl.cld
data/loop4r.geo data/loopblue.col data/loop4r.ref data/loop4r.cld
data/loop2r.geo data/loopgreen.col data/loop2r.ref data/loop2r.cld
data/loop1r.geo data/loopred.col data/loop1r.ref data/loop1r.cld
data/loop4l.geo data/loopblue.col data/loop4l.ref data/loop4l.cld
data/loop2l.geo data/loopgreen.col data/loop2l.ref data/loop2l.cld
data/roadsf2.geo data/roadsf2.col data/roads.ref data/roadsf2.cld
data/ground.geo data/ground.col data/noref.ref data/nocl.cld
data/roadsf1.geo data/roadsf1.col data/roads.ref data/roadsf1.cld
data/road11.geo data/road.col data/road11.ref data/road.cld
data/road12.geo data/road.col data/road12.ref data/road.cld
data/roadhill.geo data/roadhill.col data/roads.ref data/roadhill.cld
objects 440
33  -19.0  0.0  0.0  0.0  0.0  0.0  2  0
16 -1.2000 0.0000 20.0000 0 0 0.0000 2 0
21 -1.2000 0.0000 0.0000 0 0 3.1416 5 0
4 -1.2000 0.0000 0.0000 0 0 -0.0000 1 0
4 -1.2000 0.0000 10.0000 0 0 -0.0000 1 0
4 -1.2000 0.0000 20.0000 0 0 -0.0000 1 0
4 -1.2000 0.0000 30.0000 0 0 -0.0000 1 0
4 -1.2000 0.0000 40.0000 0 0 -0.0000 1 0
7 -1.2000 0.0000 50.0000 0 0 -0.0000 1 0
7 -1.2000 1.9383 59.7448 0 0 -0.3927 1 0
4 -1.2000 7.4582 68.0061 0 0 -0.7854 1 0
4 -1.2000 14.5293 75.0771 0 0 -0.7854 1 0
4 -1.2000 21.6004 82.1482 0 0 -0.7854 1 0
4 -1.2000 28.6714 89.2193 0 0 -0.7854 1 0
4 -1.2000 35.7425 96.2903 0 0 -0.7854 1 0
4 -1.2000 42.8136 103.3614 0 0 -0.7854 1 0
4 -1.2000 49.8846 110.4325 0 0 -0.7854 1 0
4 -1.2000 56.9557 117.5035 0 0 -0.7854 1 0
4 -1.2000 64.0268 124.5746 0 0 -0.7854 1 0
14 -1.2000 71.0978 131.6457 0 0 -0.7854 1 0
26 1.2000 78.1689 138.7167 0 0 -0.7854 1 0
15 3.6000 85.2400 145.7878 0 0 -0.7854 1 0
15 3.6000 92.3110 152.8589 0 0 -0.7854 1 0
15 3.6000 99.3821 159.9299 0 0 -0.7854 1 0
15 3.6000 106.4532 167.0010 0 0 -0.7854 1 0
26 1.2000 120.5953 181.1431 0 0 2.3562 1 0
14 -1.2000 127.6664 188.2142 0 0 2.3562 1 0
4 -1.2000 127.6664 188.2142 0 0 -0.7854 1 0
4 -1.2000 134.7375 195.2853 0 0 -0.7854 1 0
4 -1.2000 141.8085 202.3563 0 0 -0.7854 1 0
4 -1.2000 148.8796 209.4274 0 0 -0.7854 1 0
4 -1.2000 155.9507 216.4985 0 0 -0.7854 1 0
7 -1.2000 163.0217 223.5696 0 0 -0.7854 1 0
8 -1.2000 171.2829 229.0896 0 0 -1.1781 1 0
4 -1.2000 181.0278 229.0896 0 0 -1.9635 1 0
4 -1.2000 190.2666 225.2628 0 0 -1.9635 1 0
4 -1.2000 199.5054 221.4359 0 0 -1.9635 1 0
4 -1.2000 208.7442 217.6091 0 0 -1.9635 1 0
4 -1.2000 217.9830 213.7822 0 0 -1.9635 1 0
34 -1.2000 227.2218 209.9554 0 0 -1.9635 1 0
4 -1.2000 236.4606 206.1286 0 0 -1.9635 1 0
4 -1.2000 245.6994 202.3017 0 0 -1.9635 1 0
4 -1.2000 254.9382 198.4749 0 0 -1.9635 1 0
4 -1.2000 264.1770 194.6481 0 0 -1.9635 1 0
4 -1.2000 273.4158 190.8212 0 0 -1.9635 1 0
7 -1.2000 282.6546 186.9944 0 0 -1.9635 1 0
7 -1.2000 290.9158 181.4745 0 0 -2.3562 1 0
4 -1.2000 296.4358 173.2133 0 0 -2.7489 1 0
4 -1.2000 300.2627 163.9745 0 0 -2.7489 1 0
4 -1.2000 304.0895 154.7357 0 0 -2.7489 1 0
9 -2.0000 311.7432 136.2581 0 0 0.3927 1 0
9 -2.8000 315.5700 127.0193 0 0 0.3927 1 0
9 -3.6000 319.3968 117.7805 0 0 0.3927 1 0
9 -4.4000 323.2237 108.5417 0 0 0.3927 1 0
9 -5.2000 327.0505 99.3029 0 0 0.3927 1 0
9 -6.0000 330.8773 90.0641 0 0 0.3927 1 0
9 -6.8000 334.7042 80.8253 0 0 0.3927 1 0
9 -7.6000 338.5310 71.5865 0 0 0.3927 1 0
9 -8.4000 342.3578 62.3477 0 0 0.3927 1 0
4 -8.4000 342.3578 62.3477 0 0 -2.7489 1 0
4 -8.4000 346.1847 53.1089 0 0 -2.7489 1 0
7 -8.4000 350.0115 43.8701 0 0 -2.7489 1 0
4 -8.4000 351.9499 34.1254 0 0 -3.1416 1 0
4 -8.4000 351.9499 24.1254 0 0 -3.1416 1 0
4 -8.4000 351.9499 14.1254 0 0 -3.1416 1 0
4 -8.4000 351.9499 4.1254 0 0 -3.1416 1 0
4 -8.4000 351.9499 -5.8746 0 0 -3.1416 1 0
10 -8.4000 351.9499 -15.8746 0 0 -3.1416 1 0
10 -6.8000 351.9499 -25.8746 0 0 -3.1416 1 0
4 -5.2000 351.9499 -35.8746 0 0 -3.1416 1 0
4 -5.2000 351.9499 -45.8746 0 0 -3.1416 1 0
4 -5.2000 351.9499 -55.8746 0 0 -3.1416 1 0
4 -5.2000 351.9499 -65.8746 0 0 -3.1416 1 0
4 -5.2000 351.9499 -75.8746 0 0 -3.1416 1 0
4 -5.2000 351.9499 -85.8746 0 0 -3.1416 1 0
7 -5.2000 351.9499 -95.8746 0 0 -3.1416 1 0
8 -5.2000 350.0116 -105.6194 0 0 -3.5343 1 0
7 -5.2000 343.1209 -112.5101 0 0 -4.3197 1 0
4 -5.2000 333.3762 -114.4485 0 0 -4.7124 1 0
4 -5.2000 323.3762 -114.4485 0 0 -4.7124 1 0
4 -5.2000 313.3762 -114.4485 0 0 -4.7124 1 0
4 -5.2000 303.3762 -114.4485 0 0 -4.7124 1 0
4 -5.2000 293.3762 -114.4485 0 0 -4.7124 1 0
4 -5.2000 283.3762 -114.4485 0 0 -4.7124 1 0
5 -5.2000 273.3762 -114.4485 0 0 -4.7124 1 0
5 -5.2000 263.6314 -116.3868 0 0 -4.3197 1 0
4 -5.2000 255.3701 -121.9068 0 0 -3.9270 1 0
4 -5.2000 248.2990 -128.9778 0 0 -3.9270 1 0
5 -5.2000 241.2280 -136.0489 0 0 -3.9270 1 0
5 -5.2000 235.7079 -144.3101 0 0 -3.5343 1 0
5 -5.2000 233.7695 -154.0549 0 0 -3.1416 1 0
5 -5.2000 235.7078 -163.7997 0 0 -2.7489 1 0
5 -5.2000 241.2277 -172.0609 0 0 -2.3562 1 0
4 -5.2000 249.4889 -177.5810 0 0 -1.9635 1 0
4 -5.2000 258.7277 -181.4078 0 0 -1.9635 1 0
4 -5.2000 267.9665 -185.2346 0 0 -1.9635 1 0
4 -5.2000 277.2053 -189.0615 0 0 -1.9635 1 0
4 -5.2000 286.4441 -192.8883 0 0 -1.9635 1 0
32 -5.2000 295.6829 -196.7151 0 0 -1.9635 1 0
4 -5.2000 304.9217 -200.5420 0 0 -1.9635 1 0
4 -5.2000 314.1605 -204.3688 0 0 -1.9635 1 0
7 -5.2000 323.3993 -208.1956 0 0 -1.9635 1 0
7 -5.2000 331.6606 -213.7156 0 0 -2.3562 1 0
7 -5.2000 337.1806 -221.9768 0 0 -2.7489 1 0
7 -5.2000 339.1190 -231.7215 0 0 -3.1416 1 0
7 -5.2000 337.1807 -241.4663 0 0 -3.5343 1 0
7 -5.2000 331.6608 -249.7276 0 0 -3.9270 1 0
7 -5.2000 323.3996 -255.2476 0 0 -4.3197 1 0
4 -5.2000 313.6548 -257.1861 0 0 -4.7124 1 0
4 -5.2000 303.6548 -257.1861 0 0 -4.7124 1 0
4 -5.2000 293.6548 -257.1860 0 0 -4.7124 1 0
4 -5.2000 283.6548 -257.1860 0 0 -4.7124 1 0
4 -5.2000 273.6548 -257.1860 0 0 -4.7124 1 0
4 -5.2000 263.6548 -257.1860 0 0 -4.7124 1 0
9 -5.2000 253.6548 -257.1860 0 0 -4.7124 1 0
10 -4.4000 243.6548 -257.1860 0 0 -4.7124 1 0
9 -2.8000 233.6548 -257.1860 0 0 -4.7124 1 0
4 -2.0000 223.6548 -257.1860 0 0 -4.7124 1 0
4 -2.0000 213.6548 -257.1860 0 0 -4.7124 1 0
4 -2.0000 203.6548 -257.1860 0 0 -4.7124 1 0
4 -2.0000 193.6548 -257.1860 0 0 -4.7124 1 0
4 -2.0000 183.6548 -257.1860 0 0 -4.7124 1 0
7 -2.0000 173.6548 -257.1860 0 0 -4.7124 1 0
8 -2.0000 163.9100 -255.2477 0 0 -5.1051 1 0
7 -2.0000 157.0193 -248.3570 0 0 -5.8905 1 0
4 -2.0000 155.0809 -238.6123 0 0 -6.2832 1 0
4 -2.0000 155.0809 -228.6123 0 0 -6.2832 1 0
4 -2.0000 155.0809 -218.6123 0 0 -6.2832 1 0
4 -2.0000 155.0809 -208.6123 0 0 -6.2832 1 0
9 -2.8000 155.0809 -188.6123 0 0 -3.1416 1 0
9 -3.6000 155.0809 -178.6123 0 0 -3.1416 1 0
9 -4.4000 155.0809 -168.6123 0 0 -3.1416 1 0
9 -5.2000 155.0809 -158.6123 0 0 -3.1416 1 0
9 -6.0000 155.0809 -148.6123 0 0 -3.1416 1 0
9 -6.8000 155.0809 -138.6123 0 0 -3.1416 1 0
9 -7.6000 155.0809 -128.6123 0 0 -3.1416 1 0
9 -8.4000 155.0809 -118.6123 0 0 -3.1416 1 0
9 -9.2000 155.0809 -108.6123 0 0 -3.1416 1 0
9 -10.0000 155.0809 -98.6123 0 0 -3.1416 1 0
9 -10.8000 155.0809 -88.6123 0 0 -3.1416 1 0
9 -11.6000 155.0809 -78.6123 0 0 -3.1416 1 0
9 -12.4000 155.0810 -68.6123 0 0 -3.1416 1 0
9 -13.2000 155.0810 -58.6123 0 0 -3.1416 1 0
9 -14.0000 155.0810 -48.6123 0 0 -3.1416 1 0
4 -14.0000 155.0810 -48.6123 0 0 -6.2832 1 0
4 -14.0000 155.0810 -38.6123 0 0 -6.2832 1 0
4 -14.0000 155.0810 -28.6123 0 0 -6.2832 1 0
4 -14.0000 155.0810 -18.6123 0 0 -6.2832 1 0
4 -14.0000 155.0810 -8.6123 0 0 -6.2832 1 0
4 -14.0000 155.0810 1.3877 0 0 -6.2832 1 0
7 -14.0000 155.0810 11.3877 0 0 -6.2832 1 0
7 -14.0000 157.0193 21.1325 0 0 -6.6759 1 0
4 -14.0000 162.5392 29.3938 0 0 -7.0686 1 0
4 -14.0000 169.6103 36.4649 0 0 -7.0686 1 0
5 -14.0000 176.6813 43.5359 0 0 -7.0686 1 0
5 -14.0000 182.2014 51.7971 0 0 -6.6759 1 0
5 -14.0000 184.1398 61.5419 0 0 -6.2832 1 0
5 -14.0000 182.2015 71.2867 0 0 -5.8905 1 0
4 -14.0000 176.6816 79.5480 0 0 -5.4978 1 0
4 -14.0000 169.6105 86.6190 0 0 -5.4978 1 0
4 -14.0000 162.5394 93.6901 0 0 -5.4978 1 0
4 -14.0000 155.4684 100.7612 0 0 -5.4978 1 0
4 -14.0000 148.3973 107.8322 0 0 -5.4978 1 0
4 -14.0000 141.3262 114.9033 0 0 -5.4978 1 0
4 -14.0000 134.2552 121.9744 0 0 -5.4978 1 0
4 -14.0000 127.1841 129.0455 0 0 -5.4978 1 0
4 -14.0000 120.1131 136.1165 0 0 -5.4978 1 0
4 -14.0000 113.0420 143.1876 0 0 -5.4978 1 0
4 -14.0000 105.9709 150.2587 0 0 -5.4978 1 0
4 -14.0000 98.8999 157.3297 0 0 -5.4978 1 0
4 -14.0000 91.8288 164.4008 0 0 -5.4978 1 0
4 -14.0000 84.7577 171.4719 0 0 -5.4978 1 0
4 -14.0000 77.6867 178.5429 0 0 -5.4978 1 0
4 -14.0000 70.6156 185.6140 0 0 -5.4978 1 0
4 -14.0000 63.5445 192.6851 0 0 -5.4978 1 0
5 -14.0000 56.4735 199.7561 0 0 -5.4978 1 0
5 -14.0000 48.2123 205.2762 0 0 -5.1051 1 0
5 -14.0000 38.4675 207.2146 0 0 -4.7124 1 0
5 -14.0000 28.7227 205.2763 0 0 -4.3197 1 0
4 -14.0000 20.4614 199.7564 0 0 -3.9270 1 0
4 -14.0000 13.3903 192.6853 0 0 -3.9270 1 0
4 -14.0000 6.3193 185.6142 0 0 -3.9270 1 0
11 -14.0000 -0.7518 178.5432 0 0 -3.9270 1 0
11 -11.6000 -7.8229 171.4721 0 0 -3.9270 1 0
11 -9.2000 -14.8939 164.4010 0 0 -3.9270 1 0
4 -6.8000 -21.9650 157.3300 0 0 -3.9270 1 0
4 -6.8000 -29.0361 150.2589 0 0 -3.9270 1 0
4 -6.8000 -36.1071 143.1878 0 0 -3.9270 1 0
4 -6.8000 -43.1782 136.1168 0 0 -3.9270 1 0
4 -6.8000 -50.2493 129.0457 0 0 -3.9270 1 0
32 -6.8000 -57.3203 121.9746 0 0 -3.9270 1 0
4 -6.8000 -64.3914 114.9036 0 0 -3.9270 1 0
4 -6.8000 -71.4625 107.8325 0 0 -3.9270 1 0
4 -6.8000 -78.5336 100.7614 0 0 -3.9270 1 0
4 -6.8000 -85.6046 93.6904 0 0 -3.9270 1 0
4 -6.8000 -92.6757 86.6193 0 0 -3.9270 1 0
7 -6.8000 -99.7468 79.5482 0 0 -3.9270 1 0
7 -6.8000 -108.0080 74.0282 0 0 -4.3197 1 0
7 -6.8000 -117.7527 72.0898 0 0 -4.7124 1 0
7 -6.8000 -127.4975 74.0281 0 0 -5.1051 1 0
4 -6.8000 -135.7588 79.5480 0 0 -5.4978 1 0
4 -6.8000 -142.8299 86.6191 0 0 -5.4978 1 0
4 -6.8000 -149.9009 93.6902 0 0 -5.4978 1 0
4 -6.8000 -156.9720 100.7612 0 0 -5.4978 1 0
4 -6.8000 -164.0431 107.8323 0 0 -5.4978 1 0
4 -6.8000 -171.1141 114.9034 0 0 -5.4978 1 0
4 -6.8000 -178.1852 121.9744 0 0 -5.4978 1 0
4 -6.8000 -185.2563 129.0455 0 0 -5.4978 1 0
4 -6.8000 -192.3273 136.1166 0 0 -5.4978 1 0
4 -6.8000 -199.3984 143.1877 0 0 -5.4978 1 0
5 -6.8000 -206.4695 150.2587 0 0 -5.4978 1 0
5 -6.8000 -214.7307 155.7788 0 0 -5.1051 1 0
5 -6.8000 -224.4754 157.7172 0 0 -4.7124 1 0
5 -6.8000 -234.2202 155.7789 0 0 -4.3197 1 0
5 -6.8000 -242.4815 150.2590 0 0 -3.9270 1 0
4 -6.8000 -248.0015 141.9978 0 0 -3.5343 1 0
4 -6.8000 -251.8284 132.7590 0 0 -3.5343 1 0
4 -6.8000 -255.6552 123.5202 0 0 -3.5343 1 0
4 -6.8000 -259.4820 114.2814 0 0 -3.5343 1 0
6 -6.8000 -263.3089 105.0426 0 0 -3.5343 1 0
5 -6.8000 -263.3089 95.2977 0 0 -2.7489 1 0
4 -6.8000 -257.7890 87.0364 0 0 -2.3562 1 0
4 -6.8000 -250.7179 79.9654 0 0 -2.3562 1 0
4 -6.8000 -243.6468 72.8943 0 0 -2.3562 1 0
4 -6.8000 -236.5758 65.8232 0 0 -2.3562 1 0
4 -6.8000 -229.5047 58.7522 0 0 -2.3562 1 0
12 -6.8000 -222.4336 51.6811 0 0 -2.3562 1 0
13 -6.8000 -215.3626 44.6100 0 0 -2.3562 1 0
13 -6.8000 -208.2915 37.5389 0 0 -2.3562 1 0
13 -6.8000 -201.2204 30.4679 0 0 -2.3562 1 0
13 -6.8000 -194.1494 23.3968 0 0 -2.3562 1 0
13 -6.8000 -187.0783 16.3257 0 0 -2.3562 1 0
13 -6.8000 -180.0072 9.2547 0 0 -2.3562 1 0
13 -6.8000 -172.9362 2.1836 0 0 -2.3562 1 0
13 -6.8000 -165.8651 -4.8875 0 0 -2.3562 1 0
13 -6.8000 -158.7940 -11.9585 0 0 -2.3562 1 0
12 -6.8000 -144.6519 -26.1007 0 0 0.7854 1 0
4 -6.8000 -144.6519 -26.1007 0 0 -2.3562 1 0
4 -6.8000 -137.5808 -33.1717 0 0 -2.3562 1 0
4 -6.8000 -130.5097 -40.2428 0 0 -2.3562 1 0
34 -6.8000 -123.4387 -47.3139 0 0 -2.3562 1 0
4 -6.8000 -116.3676 -54.3849 0 0 -2.3562 1 0
4 -6.8000 -109.2965 -61.4560 0 0 -2.3562 1 0
7 -6.8000 -102.2255 -68.5271 0 0 -2.3562 1 0
7 -6.8000 -96.7055 -76.7883 0 0 -2.7489 1 0
4 -6.8000 -94.7670 -86.5331 0 0 -3.1416 1 0
4 -6.8000 -94.7670 -96.5331 0 0 -3.1416 1 0
4 -6.8000 -94.7670 -106.5331 0 0 -3.1416 1 0
4 -6.8000 -94.7670 -116.5331 0 0 -3.1416 1 0
4 -6.8000 -94.7670 -126.5331 0 0 -3.1416 1 0
4 -6.8000 -94.7670 -136.5331 0 0 -3.1416 1 0
5 -6.8000 -94.7670 -146.5331 0 0 -3.1416 1 0
5 -6.8000 -92.8287 -156.2779 0 0 -2.7489 1 0
5 -6.8000 -87.3088 -164.5391 0 0 -2.3562 1 0
4 -6.8000 -79.0476 -170.0592 0 0 -1.9635 1 0
4 -6.8000 -69.8088 -173.8860 0 0 -1.9635 1 0
4 -6.8000 -60.5700 -177.7128 0 0 -1.9635 1 0
4 -6.8000 -51.3312 -181.5397 0 0 -1.9635 1 0
4 -6.8000 -42.0924 -185.3665 0 0 -1.9635 1 0
4 -6.8000 -32.8536 -189.1933 0 0 -1.9635 1 0
4 -6.8000 -23.6149 -193.0202 0 0 -1.9635 1 0
4 -6.8000 -14.3761 -196.8470 0 0 -1.9635 1 0
4 -6.8000 -5.1373 -200.6738 0 0 -1.9635 1 0
5 -6.8000 4.1015 -204.5007 0 0 -1.9635 1 0
5 -6.8000 13.8463 -206.4391 0 0 -1.5708 1 0
5 -6.8000 23.5911 -204.5008 0 0 -1.1781 1 0
4 -6.8000 31.8524 -198.9809 0 0 -0.7854 1 0
4 -6.8000 38.9234 -191.9098 0 0 -0.7854 1 0
4 -6.8000 45.9945 -184.8387 0 0 -0.7854 1 0
4 -6.8000 53.0656 -177.7677 0 0 -0.7854 1 0
5 -6.8000 60.1366 -170.6966 0 0 -0.7854 1 0
5 -6.8000 65.6567 -162.4354 0 0 -0.3927 1 0
4 -6.8000 67.5951 -152.6906 0 0 -0.0000 1 0
4 -6.8000 67.5951 -142.6906 0 0 -0.0000 1 0
4 -6.8000 67.5951 -132.6906 0 0 -0.0000 1 0
4 -6.8000 67.5951 -122.6906 0 0 -0.0000 1 0
4 -6.8000 67.5951 -112.6906 0 0 -0.0000 1 0
4 -6.8000 67.5951 -102.6906 0 0 -0.0000 1 0
9 -7.6000 67.5951 -82.6906 0 0 3.1416 1 0
10 -9.2000 67.5951 -72.6906 0 0 3.1416 1 0
11 -11.6000 67.5951 -62.6906 0 0 3.1416 1 0
36 -16.0713 67.5951 -53.7459 0 0 3.1416 1 0
11 -18.4713 67.5951 -43.7459 0 0 3.1416 1 0
4 -18.4713 67.5951 -43.7459 0 0 -0.0000 1 0
4 -18.4713 67.5951 -33.7459 0 0 -0.0000 1 0
4 -18.4713 67.5951 -23.7459 0 0 -0.0000 1 0
4 -18.4713 67.5951 -13.7459 0 0 -0.0000 1 0
4 -18.4713 67.5951 -3.7459 0 0 -0.0000 1 0
4 -18.4713 67.5951 6.2541 0 0 -0.0000 1 0
21 -18.4713 67.5951 16.2541 0 0 -0.0000 5 0
16 -18.4713 67.5951 -3.7459 0 0 -0.0000 2 0
19 -1.2000 30.0733 59.5084 0 0 -0.7854 2 0
17 -1.2000 39.0689 107.1121 0 0 0.7854 2 0
18 -1.2000 53.2110 121.2542 0 0 0.7854 2 0
20 -1.2000 72.4997 101.9348 0 0 -0.7854 2 0
17 -1.2000 138.0638 206.1070 0 0 0.7854 2 0
17 -1.2000 145.5532 198.6057 0 0 0.7854 2 0
17 -1.2000 169.2586 233.9878 0 0 1.1781 2 0
17 -1.2000 192.2987 230.1577 0 0 1.9635 2 0
19 -1.2000 217.1794 237.9277 0 0 1.1781 2 0
17 -1.2000 229.2539 214.8504 0 0 1.9635 2 0
18 -1.2000 247.7315 207.1967 0 0 1.9635 2 0
20 -1.2000 237.2642 181.9831 0 0 -1.9635 2 0
19 -1.2000 272.6122 214.9667 0 0 1.1781 2 0
18 -1.2000 284.6867 191.8893 0 0 1.9635 2 0
24 -1.2000 291.5377 171.1889 0 0 2.7489 2 0
20 -1.2000 283.7575 146.3328 0 0 -2.7489 2 0
18 -2.2000 316.6414 138.2824 0 0 2.7489 2 0
18 -2.2000 306.8450 134.2338 0 0 2.7489 2 0
18 -3.8000 324.2950 119.8048 0 0 2.7489 2 0
17 -3.8000 314.4987 115.7562 0 0 2.7489 2 0
17 -7.0000 329.8060 78.8010 0 0 2.7489 2 0
24 -8.6000 347.2560 64.3720 0 0 2.7489 2 0
19 -8.4000 370.3436 52.2730 0 0 0.3927 2 0
19 -8.4000 373.9499 24.1078 0 0 0.0000 2 0
17 -8.4000 346.6499 4.1296 0 0 3.1416 2 0
17 -8.8000 346.6499 -15.8704 0 0 3.1416 2 0
18 -5.6000 346.6499 -35.8704 0 0 3.1416 2 0
24 -5.2000 357.2499 -55.8789 0 0 3.1416 2 0
24 -5.2000 346.6499 -55.8704 0 0 3.1416 2 0
18 -5.2000 357.2499 -75.8789 0 0 3.1416 2 0
18 -5.2000 357.2499 -95.8789 0 0 3.1416 2 0
17 -5.2000 346.6499 -95.8704 0 0 3.1416 2 0
19 -5.2000 351.5238 -132.8422 0 0 -1.1781 2 0
17 -5.2000 323.3804 -109.1485 0 0 4.7124 2 0
17 -5.2000 303.3719 -119.7485 0 0 4.7124 2 0
20 -5.2000 303.3937 -92.4485 0 0 -4.7124 2 0
18 -5.2000 283.3719 -119.7485 0 0 4.7124 2 0
17 -5.2000 265.6557 -121.2850 0 0 4.3197 2 0
17 -5.2000 261.6070 -111.4886 0 0 4.3197 2 0
18 -5.2000 252.0437 -132.7285 0 0 3.9270 2 0
19 -5.2000 215.3893 -135.8749 0 0 -3.5343 2 0
24 -5.2000 230.8096 -165.8240 0 0 2.7489 2 0
18 -5.2000 265.9344 -190.1296 0 0 1.9635 2 0
17 -5.2000 284.4120 -197.7832 0 0 1.9635 2 0
17 -5.2000 306.9538 -195.6470 0 0 1.9635 2 0
18 -5.2000 302.8896 -205.4369 0 0 1.9635 2 0
17 -5.2000 332.2824 -224.0011 0 0 2.7489 2 0
19 -5.2000 357.4993 -249.9016 0 0 -0.3927 2 0
18 -5.2000 332.2858 -239.4342 0 0 3.5343 2 0
19 -5.2000 331.8024 -275.5797 0 0 -1.1781 2 0
19 -5.2000 314.9967 -234.9156 0 0 -4.3197 2 0
20 -5.2000 303.6373 -279.1860 0 0 -1.5708 2 0
19 -5.2000 263.6373 -279.1860 0 0 -1.5708 2 0
17 -5.2000 263.6590 -251.8860 0 0 4.7124 2 0
18 -4.8000 243.6506 -262.4860 0 0 4.7124 2 0
18 -2.4000 223.6506 -262.4860 0 0 4.7124 2 0
24 -2.0000 203.6506 -262.4860 0 0 4.7124 2 0
24 -2.0000 183.6590 -251.8860 0 0 4.7124 2 0
19 -2.0000 133.0809 -238.5947 0 0 -3.1416 2 0
24 -2.0000 149.7809 -218.6081 0 0 6.2832 2 0
17 -2.2000 149.7809 -198.6081 0 0 6.2832 2 0
17 -2.2000 160.3809 -198.6165 0 0 6.2832 2 0
18 -3.8000 149.7809 -178.6081 0 0 6.2832 2 0
24 -3.8000 160.3809 -178.6165 0 0 6.2832 2 0
24 -5.4000 160.3809 -158.6165 0 0 6.2832 2 0
24 -8.6000 149.7809 -118.6081 0 0 6.2832 2 0
18 -8.6000 160.3809 -118.6165 0 0 6.2832 2 0
17 -10.2000 149.7809 -98.6081 0 0 6.2832 2 0
17 -11.8000 149.7809 -78.6081 0 0 6.2832 2 0
18 -11.8000 160.3809 -78.6165 0 0 6.2832 2 0
17 -13.4000 149.7810 -58.6081 0 0 6.2832 2 0
18 -13.4000 160.3810 -58.6165 0 0 6.2832 2 0
18 -14.2000 160.3810 -38.6165 0 0 6.2832 2 0
17 -14.0000 149.7810 -18.6081 0 0 6.2832 2 0
17 -14.0000 160.3810 -18.6165 0 0 6.2832 2 0
17 -14.0000 160.3810 1.3835 0 0 6.2832 2 0
17 -14.0000 165.8656 40.2155 0 0 7.0686 2 0
17 -14.0000 187.0963 49.7650 0 0 6.6759 2 0
18 -14.0000 177.3033 69.2624 0 0 5.8905 2 0
19 -14.0000 154.0418 71.0751 0 0 -2.3562 2 0
17 -14.0000 151.7177 97.0165 0 0 5.4978 2 0
17 -14.0000 123.4335 125.3008 0 0 5.4978 2 0
20 -14.0000 97.4732 127.6436 0 0 -2.3562 2 0
17 -14.0000 95.1492 153.5850 0 0 5.4978 2 0
18 -14.0000 102.6505 161.0744 0 0 5.4978 2 0
19 -14.0000 69.1890 155.9279 0 0 -2.3562 2 0
24 -14.0000 88.5084 175.2165 0 0 5.4978 2 0
24 -14.0000 66.8649 181.8693 0 0 5.4978 2 0
19 -14.0000 86.1843 201.1580 0 0 -5.4978 2 0
18 -14.0000 52.7228 196.0115 0 0 5.4978 2 0
18 -14.0000 60.2241 203.5008 0 0 5.4978 2 0
19 -14.0000 38.4500 185.2146 0 0 -1.5708 2 0
20 -14.0000 38.4850 229.2146 0 0 -4.7124 2 0
18 -14.0000 2.5746 189.3649 0 0 3.9270 2 0
17 -12.2000 -11.5675 175.2228 0 0 3.9270 2 0
17 -7.4000 -18.2203 153.5793 0 0 3.9270 2 0
19 -6.8000 -20.5632 127.6191 0 0 -0.7854 2 0
24 -6.8000 -53.9940 132.7964 0 0 3.9270 2 0
18 -6.8000 -68.1361 118.6542 0 0 3.9270 2 0
17 -6.8000 -74.7889 97.0108 0 0 3.9270 2 0
18 -6.8000 -88.9310 82.8687 0 0 3.9270 2 0
24 -6.8000 -96.4204 90.3700 0 0 3.9270 2 0
24 -6.8000 -110.0323 78.9264 0 0 4.3197 2 0
18 -6.8000 -125.4654 78.9230 0 0 5.1051 2 0
18 -6.8000 -146.5805 82.8744 0 0 5.4978 2 0
18 -6.8000 -139.0792 90.3638 0 0 5.4978 2 0
19 -6.8000 -172.5407 85.2173 0 0 -2.3562 2 0
24 -6.8000 -153.2213 104.5059 0 0 5.4978 2 0
24 -6.8000 -174.8648 111.1587 0 0 5.4978 2 0
19 -6.8000 -169.6875 144.5895 0 0 -5.4978 2 0
20 -6.8000 -214.9671 127.6437 0 0 -2.3562 2 0
19 -6.8000 -183.8297 158.7316 0 0 -5.4978 2 0
19 -6.8000 -206.2954 176.0974 0 0 -5.1051 2 0
18 -6.8000 -232.1959 150.8807 0 0 4.3197 2 0
17 -6.8000 -236.2446 160.6771 0 0 4.3197 2 0
24 -6.8000 -250.7603 121.4880 0 0 3.5343 2 0
24 -6.8000 -254.0383 90.7811 0 0 2.3562 2 0
17 -6.8000 -261.5396 83.2917 0 0 2.3562 2 0
17 -6.8000 -247.3975 69.1496 0 0 2.3562 2 0
24 -6.8000 -225.7540 62.4968 0 0 2.3562 2 0
19 -6.8000 -245.0734 43.2082 0 0 -2.3562 2 0
18 -6.8000 -126.7591 -36.4981 0 0 2.3562 2 0
24 -6.8000 -112.6170 -50.6403 0 0 2.3562 2 0
18 -6.8000 -120.1183 -58.1296 0 0 2.3562 2 0
17 -6.8000 -98.4748 -64.7824 0 0 2.3562 2 0
24 -6.8000 -105.9761 -72.2718 0 0 2.3562 2 0
19 -6.8000 -72.7670 -106.5506 0 0 0.0000 2 0
18 -6.8000 -100.0670 -126.5288 0 0 3.1416 2 0
18 -6.8000 -89.4670 -146.5373 0 0 3.1416 2 0
17 -6.8000 -100.0670 -146.5288 0 0 3.1416 2 0
24 -6.8000 -83.5582 -160.7944 0 0 2.3562 2 0
18 -6.8000 -67.7767 -168.9910 0 0 1.9635 2 0
19 -6.8000 -78.2440 -194.2046 0 0 -1.9635 2 0
20 -6.8000 -42.8960 -161.2210 0 0 1.1781 2 0
19 -6.8000 -5.9408 -176.5284 0 0 1.1781 2 0
20 -6.8000 31.9940 -224.8328 0 0 -1.1781 2 0
18 -6.8000 35.1788 -188.1591 0 0 0.7854 2 0
17 -6.8000 42.6681 -195.6604 0 0 0.7854 2 0
17 -6.8000 49.3209 -174.0170 0 0 0.7854 2 0
20 -6.8000 45.3380 -154.0002 0 0 2.7489 2 0
17 -6.8000 70.5516 -164.4675 0 0 0.3927 2 0
18 -6.8000 72.8951 -142.6948 0 0 0.0000 2 0
20 -6.8000 89.5951 -122.7081 0 0 -0.0000 2 0
20 -6.8000 45.5951 -102.6731 0 0 3.1416 2 0
18 -6.8000 72.8951 -102.6948 0 0 0.0000 2 0
18 -8.0000 62.2951 -82.6864 0 0 0.0000 2 0
17 -8.0000 72.8951 -82.6948 0 0 0.0000 2 0
24 -18.4713 72.8951 -23.7501 0 0 0.0000 2 0
18 -18.4713 72.8951 -3.7501 0 0 0.0000 2 0
