ambient 0.7
headlight 0.0
directional 0.5
lightdir -0.6 0.0 1.414
background 160 180 200
clfactors 1.0 1.0 1.0
objtypes 37
data/steer.geo data/steer.col data/noref.ref data/nocl.cld
data/speed.geo data/speed.col data/noref.ref data/nocl.cld
data/dmod.geo data/dmod.col data/noref.ref data/nocl.cld
data/roads.geo data/road.col data/roads.ref data/road.cld
data/roadlw.geo data/road.col data/roadlw.ref data/road.cld
data/roadln.geo data/road.col data/roadln.ref data/road.cld
data/roadrw.geo data/road.col data/roadrw.ref data/road.cld
data/roadrn.geo data/road.col data/roadrn.ref data/road.cld
data/road25.geo data/road.col data/road25.ref data/road.cld
data/road50.geo data/road.col data/road50.ref data/road.cld
data/road75.geo data/road.col data/road75.ref data/road.cld
data/tunnb.geo data/tunnb.col data/tunn.ref data/tunnb.cld
data/tunn.geo data/tunn.col data/tunn.ref data/tunn.cld
data/bridgec.geo data/bridgec.col data/bridgstr.ref data/bridgec.cld
data/bridges.geo data/bridges.col data/bridges.ref data/nocl.cld
data/start.geo data/start.col data/start.ref data/nocl.cld
data/tree4.geo data/tree4.col data/tree.ref data/tree.cld
data/tree9.geo data/tree9.col data/tree.ref data/tree.cld
data/house1.geo data/house1.col data/house1.ref data/house1.cld
data/house2b.geo data/house2b.col data/house1.ref data/house2.cld
data/trs.geo data/trs.col data/trs.ref data/trs.cld
data/wind.geo data/wind.col data/wind.ref data/wind.cld
data/prop.geo data/prop.col data/noref.ref data/nocl.cld
data/tree7.geo data/tree7.col data/tree.ref data/tree.cld
data/glider.geo data/glider.col data/noref.ref data/nocl.cld
data/bridgescl.geo data/bridges.col data/bridgec.ref data/nocl.cld
data/loop4r.geo data/loopblue.col data/loop4r.ref data/loop4r.cld
data/loop2r.geo data/loopgreen.col data/loop2r.ref data/loop2r.cld
data/loop1r.geo data/loopred.col data/loop1r.ref data/loop1r.cld
data/loop4l.geo data/loopblue.col data/loop4l.ref data/loop4l.cld
data/loop2l.geo data/loopgreen.col data/loop2l.ref data/loop2l.cld
data/loop1l.geo data/loopred.col data/loop1l.ref data/loop1l.cld
data/ground.geo data/ground.col data/noref.ref data/nocl.cld
data/corkr.geo data/cork.col data/corkr.ref data/corkr.cld
data/road11.geo data/road.col data/road11.ref data/road.cld
data/road12.geo data/road.col data/road12.ref data/road.cld
data/roadhill3.geo data/roadhill3.col data/roads.ref data/roadhill3.cld
objects 583
33  -1.5  0.0  0.0  0.0  0.0  0.0  2  0
16 -1.2000 0.0000 20.0000 0 0 0.0000 2 0
21 -1.2000 0.0000 0.0000 0 0 3.1416 5 0
4 -1.2000 0.0000 0.0000 0 0 -0.0000 1 0
4 -1.2000 0.0000 10.0000 0 0 -0.0000 1 0
4 -1.2000 0.0000 20.0000 0 0 -0.0000 1 0
4 -1.2000 0.0000 30.0000 0 0 -0.0000 1 0
4 -1.2000 0.0000 40.0000 0 0 -0.0000 1 0
4 -1.2000 0.0000 50.0000 0 0 -0.0000 1 0
4 -1.2000 0.0000 60.0000 0 0 -0.0000 1 0
4 -1.2000 0.0000 70.0000 0 0 -0.0000 1 0
4 -1.2000 0.0000 80.0000 0 0 -0.0000 1 0
4 -1.2000 0.0000 90.0000 0 0 -0.0000 1 0
4 -1.2000 0.0000 100.0000 0 0 -0.0000 1 0
4 -1.2000 0.0000 110.0000 0 0 -0.0000 1 0
4 -1.2000 0.0000 120.0000 0 0 -0.0000 1 0
4 -1.2000 0.0000 130.0000 0 0 -0.0000 1 0
37 -1.2000 0.0000 140.0000 0 0 -0.0000 1 0
7 -1.2000 0.0000 150.0000 0 0 -0.0000 1 0
7 -1.2000 1.9383 159.7448 0 0 -0.3927 1 0
4 -1.2000 7.4582 168.0061 0 0 -0.7854 1 0
4 -1.2000 14.5293 175.0771 0 0 -0.7854 1 0
4 -1.2000 21.6004 182.1482 0 0 -0.7854 1 0
4 -1.2000 28.6714 189.2193 0 0 -0.7854 1 0
4 -1.2000 35.7425 196.2903 0 0 -0.7854 1 0
4 -1.2000 42.8136 203.3614 0 0 -0.7854 1 0
4 -1.2000 49.8846 210.4325 0 0 -0.7854 1 0
4 -1.2000 56.9557 217.5035 0 0 -0.7854 1 0
4 -1.2000 64.0268 224.5746 0 0 -0.7854 1 0
4 -1.2000 71.0978 231.6457 0 0 -0.7854 1 0
4 -1.2000 78.1689 238.7167 0 0 -0.7854 1 0
37 -1.2000 85.2400 245.7878 0 0 -0.7854 1 0
4 -1.2000 92.3110 252.8589 0 0 -0.7854 1 0
4 -1.2000 99.3821 259.9299 0 0 -0.7854 1 0
7 -1.2000 106.4532 267.0010 0 0 -0.7854 1 0
4 -1.2000 114.7144 272.5210 0 0 -1.1781 1 0
7 -1.2000 123.9532 276.3479 0 0 -1.1781 1 0
4 -1.2000 133.6980 278.2863 0 0 -1.5708 1 0
4 -1.2000 143.6980 278.2863 0 0 -1.5708 1 0
4 -1.2000 153.6980 278.2863 0 0 -1.5708 1 0
4 -1.2000 163.6980 278.2863 0 0 -1.5708 1 0
4 -1.2000 173.6980 278.2863 0 0 -1.5708 1 0
4 -1.2000 183.6980 278.2863 0 0 -1.5708 1 0
4 -1.2000 193.6980 278.2863 0 0 -1.5708 1 0
4 -1.2000 203.6980 278.2863 0 0 -1.5708 1 0
4 -1.2000 213.6980 278.2863 0 0 -1.5708 1 0
4 -1.2000 223.6980 278.2863 0 0 -1.5708 1 0
4 -1.2000 233.6980 278.2863 0 0 -1.5708 1 0
4 -1.2000 243.6980 278.2863 0 0 -1.5708 1 0
4 -1.2000 253.6980 278.2863 0 0 -1.5708 1 0
4 -1.2000 263.6980 278.2863 0 0 -1.5708 1 0
4 -1.2000 273.6980 278.2863 0 0 -1.5708 1 0
4 -1.2000 283.6980 278.2863 0 0 -1.5708 1 0
4 -1.2000 293.6980 278.2863 0 0 -1.5708 1 0
4 -1.2000 303.6980 278.2863 0 0 -1.5708 1 0
4 -1.2000 313.6980 278.2863 0 0 -1.5708 1 0
7 -1.2000 323.6980 278.2863 0 0 -1.5708 1 0
8 -1.2000 333.4428 276.3480 0 0 -1.9635 1 0
7 -1.2000 340.3334 269.4573 0 0 -2.7489 1 0
4 -1.2000 342.2718 259.7125 0 0 -3.1416 1 0
4 -1.2000 342.2718 249.7125 0 0 -3.1416 1 0
4 -1.2000 342.2718 239.7125 0 0 -3.1416 1 0
4 -1.2000 342.2718 229.7125 0 0 -3.1416 1 0
4 -1.2000 342.2718 219.7125 0 0 -3.1416 1 0
4 -1.2000 342.2718 209.7125 0 0 -3.1416 1 0
4 -1.2000 342.2718 199.7125 0 0 -3.1416 1 0
4 -1.2000 342.2718 189.7125 0 0 -3.1416 1 0
4 -1.2000 342.2718 179.7125 0 0 -3.1416 1 0
4 -1.2000 342.2718 169.7125 0 0 -3.1416 1 0
4 -1.2000 342.2718 159.7125 0 0 -3.1416 1 0
4 -1.2000 342.2718 149.7125 0 0 -3.1416 1 0
4 -1.2000 342.2718 139.7125 0 0 -3.1416 1 0
4 -1.2000 342.2718 129.7125 0 0 -3.1416 1 0
4 -1.2000 342.2718 119.7125 0 0 -3.1416 1 0
4 -1.2000 342.2718 109.7125 0 0 -3.1416 1 0
4 -1.2000 342.2718 99.7125 0 0 -3.1416 1 0
4 -1.2000 342.2718 89.7125 0 0 -3.1416 1 0
4 -1.2000 342.2718 79.7125 0 0 -3.1416 1 0
4 -1.2000 342.2718 69.7125 0 0 -3.1416 1 0
4 -1.2000 342.2718 59.7125 0 0 -3.1416 1 0
4 -1.2000 342.2718 49.7125 0 0 -3.1416 1 0
4 -1.2000 342.2718 39.7125 0 0 -3.1416 1 0
4 -1.2000 342.2718 29.7125 0 0 -3.1416 1 0
7 -1.2000 342.2718 19.7125 0 0 -3.1416 1 0
7 -1.2000 340.3335 9.9677 0 0 -3.5343 1 0
7 -1.2000 334.8136 1.7065 0 0 -3.9270 1 0
7 -1.2000 326.5524 -3.8136 0 0 -4.3197 1 0
7 -1.2000 316.8076 -5.7520 0 0 -4.7124 1 0
7 -1.2000 307.0628 -3.8137 0 0 -5.1051 1 0
4 -1.2000 298.8015 1.7063 0 0 -5.4978 1 0
4 -1.2000 291.7305 8.7773 0 0 -5.4978 1 0
4 -1.2000 284.6594 15.8484 0 0 -5.4978 1 0
5 -1.2000 277.5883 22.9195 0 0 -5.4978 1 0
4 -1.2000 269.3271 28.4395 0 0 -5.1051 1 0
4 -1.2000 260.0883 32.2663 0 0 -5.1051 1 0
4 -1.2000 250.8496 36.0932 0 0 -5.1051 1 0
4 -1.2000 241.6108 39.9200 0 0 -5.1051 1 0
9 -1.2000 232.3720 43.7468 0 0 -5.1051 1 0
9 -0.4000 223.1332 47.5737 0 0 -5.1051 1 0
9 0.4000 213.8944 51.4005 0 0 -5.1051 1 0
9 1.2000 204.6556 55.2274 0 0 -5.1051 1 0
4 2.0000 195.4168 59.0542 0 0 -5.1051 1 0
4 2.0000 186.1780 62.8810 0 0 -5.1051 1 0
4 2.0000 176.9392 66.7079 0 0 -5.1051 1 0
4 2.0000 167.7004 70.5347 0 0 -5.1051 1 0
4 2.0000 158.4616 74.3615 0 0 -5.1051 1 0
4 2.0000 149.2228 78.1884 0 0 -5.1051 1 0
4 2.0000 139.9840 82.0152 0 0 -5.1051 1 0
4 2.0000 130.7452 85.8420 0 0 -5.1051 1 0
4 2.0000 121.5064 89.6689 0 0 -5.1051 1 0
4 2.0000 112.2676 93.4957 0 0 -5.1051 1 0
4 2.0000 103.0288 97.3226 0 0 -5.1051 1 0
4 2.0000 93.7900 101.1494 0 0 -5.1051 1 0
4 2.0000 84.5513 104.9762 0 0 -5.1051 1 0
7 2.0000 75.3125 108.8031 0 0 -5.1051 1 0
7 2.0000 67.0512 114.3230 0 0 -5.4978 1 0
7 2.0000 61.5312 122.5842 0 0 -5.8905 1 0
7 2.0000 59.5928 132.3290 0 0 -6.2832 1 0
7 2.0000 61.5311 142.0738 0 0 -6.6759 1 0
7 2.0000 67.0510 150.3350 0 0 -7.0686 1 0
7 2.0000 75.3122 155.8551 0 0 -7.4613 1 0
7 2.0000 85.0570 157.7935 0 0 -7.8540 1 0
7 2.0000 94.8018 155.8552 0 0 -8.2467 1 0
4 2.0000 103.0630 150.3352 0 0 -8.6394 1 0
5 2.0000 110.1341 143.2642 0 0 -8.6394 1 0
4 2.0000 118.3953 137.7441 0 0 -8.2467 1 0
4 2.0000 127.6341 133.9173 0 0 -8.2467 1 0
4 2.0000 136.8729 130.0905 0 0 -8.2467 1 0
4 2.0000 146.1117 126.2636 0 0 -8.2467 1 0
4 2.0000 155.3505 122.4368 0 0 -8.2467 1 0
4 2.0000 164.5893 118.6099 0 0 -8.2467 1 0
4 2.0000 173.8281 114.7831 0 0 -8.2467 1 0
4 2.0000 183.0668 110.9563 0 0 -8.2467 1 0
9 2.0000 192.3056 107.1294 0 0 -8.2467 1 0
9 2.8000 201.5444 103.3026 0 0 -8.2467 1 0
4 3.6000 210.7832 99.4758 0 0 -8.2467 1 0
4 3.6000 220.0220 95.6489 0 0 -8.2467 1 0
4 3.6000 229.2608 91.8221 0 0 -8.2467 1 0
4 3.6000 238.4996 87.9952 0 0 -8.2467 1 0
4 3.6000 247.7384 84.1684 0 0 -8.2467 1 0
4 3.6000 256.9772 80.3416 0 0 -8.2467 1 0
4 3.6000 266.2160 76.5147 0 0 -8.2467 1 0
5 3.6000 275.4548 72.6879 0 0 -8.2467 1 0
5 3.6000 285.1996 70.7495 0 0 -7.8540 1 0
6 3.6000 294.9444 72.6878 0 0 -7.4613 1 0
6 3.6000 301.8350 79.5784 0 0 -6.6759 1 0
5 3.6000 301.8351 89.3233 0 0 -5.8905 1 0
5 3.6000 296.3151 97.5846 0 0 -5.4978 1 0
4 3.6000 288.0539 103.1046 0 0 -5.1051 1 0
4 3.6000 278.8151 106.9315 0 0 -5.1051 1 0
4 3.6000 269.5763 110.7583 0 0 -5.1051 1 0
4 3.6000 260.3375 114.5851 0 0 -5.1051 1 0
4 3.6000 251.0987 118.4120 0 0 -5.1051 1 0
4 3.6000 241.8600 122.2388 0 0 -5.1051 1 0
9 3.6000 232.6212 126.0656 0 0 -5.1051 1 0
9 4.4000 223.3824 129.8925 0 0 -5.1051 1 0
9 5.2000 214.1436 133.7193 0 0 -5.1051 1 0
4 6.0000 204.9048 137.5461 0 0 -5.1051 1 0
4 6.0000 195.6660 141.3730 0 0 -5.1051 1 0
4 6.0000 186.4272 145.1998 0 0 -5.1051 1 0
4 6.0000 177.1884 149.0267 0 0 -5.1051 1 0
4 6.0000 167.9496 152.8535 0 0 -5.1051 1 0
4 6.0000 158.7108 156.6803 0 0 -5.1051 1 0
4 6.0000 149.4720 160.5072 0 0 -5.1051 1 0
7 6.0000 140.2332 164.3340 0 0 -5.1051 1 0
4 6.0000 131.9720 169.8539 0 0 -5.4978 1 0
4 6.0000 124.9009 176.9250 0 0 -5.4978 1 0
4 6.0000 117.8298 183.9961 0 0 -5.4978 1 0
7 6.0000 110.7588 191.0671 0 0 -5.4978 1 0
8 6.0000 105.2387 199.3283 0 0 -5.8905 1 0
8 6.0000 105.2387 209.0732 0 0 -6.6759 1 0
8 6.0000 112.1294 215.9639 0 0 -7.4613 1 0
7 6.0000 121.8743 215.9639 0 0 -8.2467 1 0
4 6.0000 130.1355 210.4440 0 0 -8.6394 1 0
4 6.0000 137.2066 203.3729 0 0 -8.6394 1 0
5 6.0000 144.2777 196.3018 0 0 -8.6394 1 0
4 6.0000 152.5389 190.7818 0 0 -8.2467 1 0
4 6.0000 161.7777 186.9550 0 0 -8.2467 1 0
4 6.0000 171.0165 183.1281 0 0 -8.2467 1 0
4 6.0000 180.2552 179.3013 0 0 -8.2467 1 0
4 6.0000 189.4940 175.4744 0 0 -8.2467 1 0
4 6.0000 198.7328 171.6476 0 0 -8.2467 1 0
4 6.0000 207.9716 167.8208 0 0 -8.2467 1 0
4 6.0000 217.2104 163.9939 0 0 -8.2467 1 0
4 6.0000 226.4492 160.1671 0 0 -8.2467 1 0
4 6.0000 235.6880 156.3403 0 0 -8.2467 1 0
4 6.0000 244.9268 152.5134 0 0 -8.2467 1 0
4 6.0000 254.1656 148.6866 0 0 -8.2467 1 0
4 6.0000 263.4044 144.8597 0 0 -8.2467 1 0
4 6.0000 272.6432 141.0329 0 0 -8.2467 1 0
5 6.0000 281.8820 137.2061 0 0 -8.2467 1 0
5 6.0000 291.6268 135.2676 0 0 -7.8540 1 0
6 6.0000 301.3716 137.2059 0 0 -7.4613 1 0
6 6.0000 308.2622 144.0966 0 0 -6.6759 1 0
4 6.0000 308.2622 153.8415 0 0 -5.8905 1 0
4 6.0000 304.4354 163.0803 0 0 -5.8905 1 0
4 6.0000 300.6086 172.3191 0 0 -5.8905 1 0
4 6.0000 296.7818 181.5579 0 0 -5.8905 1 0
4 6.0000 292.9549 190.7967 0 0 -5.8905 1 0
4 6.0000 289.1281 200.0355 0 0 -5.8905 1 0
4 6.0000 285.3013 209.2743 0 0 -5.8905 1 0
5 6.0000 281.4744 218.5131 0 0 -5.8905 1 0
5 6.0000 275.9545 226.7743 0 0 -5.4978 1 0
5 6.0000 267.6933 232.2944 0 0 -5.1051 1 0
5 6.0000 257.9485 234.2328 0 0 -4.7124 1 0
5 6.0000 248.2037 232.2945 0 0 -4.3197 1 0
4 6.0000 239.9425 226.7746 0 0 -3.9270 1 0
5 6.0000 232.8714 219.7035 0 0 -3.9270 1 0
4 6.0000 227.3514 211.4423 0 0 -3.5343 1 0
14 6.0000 223.5245 202.2035 0 0 -3.5343 1 0
26 8.4000 219.6977 192.9647 0 0 -3.5343 1 0
26 10.8000 215.8708 183.7259 0 0 -3.5343 1 0
15 13.2000 212.0440 174.4871 0 0 -3.5343 1 0
15 13.2000 208.2172 165.2483 0 0 -3.5343 1 0
15 13.2000 204.3903 156.0095 0 0 -3.5343 1 0
15 13.2000 200.5635 146.7707 0 0 -3.5343 1 0
15 13.2000 196.7367 137.5319 0 0 -3.5343 1 0
15 13.2000 192.9098 128.2931 0 0 -3.5343 1 0
15 13.2000 189.0830 119.0543 0 0 -3.5343 1 0
15 13.2000 185.2562 109.8156 0 0 -3.5343 1 0
15 13.2000 181.4293 100.5768 0 0 -3.5343 1 0
15 13.2000 177.6025 91.3380 0 0 -3.5343 1 0
15 13.2000 173.7757 82.0992 0 0 -3.5343 1 0
15 13.2000 169.9488 72.8604 0 0 -3.5343 1 0
26 10.8000 162.2951 54.3828 0 0 -0.3927 1 0
26 8.4000 158.4683 45.1440 0 0 -0.3927 1 0
14 6.0000 154.6415 35.9052 0 0 -0.3927 1 0
4 6.0000 154.6415 35.9052 0 0 -3.5343 1 0
4 6.0000 150.8146 26.6664 0 0 -3.5343 1 0
4 6.0000 146.9878 17.4276 0 0 -3.5343 1 0
4 6.0000 143.1610 8.1888 0 0 -3.5343 1 0
7 6.0000 139.3341 -1.0500 0 0 -3.5343 1 0
7 6.0000 133.8142 -9.3113 0 0 -3.9270 1 0
7 6.0000 125.5530 -14.8313 0 0 -4.3197 1 0
4 6.0000 115.8082 -16.7697 0 0 -4.7124 1 0
4 6.0000 105.8082 -16.7697 0 0 -4.7124 1 0
7 6.0000 95.8082 -16.7697 0 0 -4.7124 1 0
4 6.0000 86.0634 -14.8314 0 0 -5.1051 1 0
5 6.0000 76.8246 -11.0046 0 0 -5.1051 1 0
7 6.0000 67.0799 -9.0661 0 0 -4.7124 1 0
5 6.0000 57.3351 -7.1278 0 0 -5.1051 1 0
14 6.0000 47.5903 -5.1894 0 0 -4.7124 1 0
26 8.4000 37.5903 -5.1894 0 0 -4.7124 1 0
26 10.8000 27.5903 -5.1894 0 0 -4.7124 1 0
15 13.2000 17.5903 -5.1894 0 0 -4.7124 1 0
15 13.2000 7.5903 -5.1894 0 0 -4.7124 1 0
15 13.2000 -2.4097 -5.1894 0 0 -4.7124 1 0
26 10.8000 -22.4097 -5.1894 0 0 -1.5708 1 0
26 8.4000 -32.4097 -5.1894 0 0 -1.5708 1 0
14 6.0000 -42.4097 -5.1894 0 0 -1.5708 1 0
4 6.0000 -42.4097 -5.1894 0 0 -4.7124 1 0
4 6.0000 -52.4097 -5.1894 0 0 -4.7124 1 0
4 6.0000 -62.4097 -5.1894 0 0 -4.7124 1 0
4 6.0000 -72.4097 -5.1894 0 0 -4.7124 1 0
4 6.0000 -82.4097 -5.1894 0 0 -4.7124 1 0
4 6.0000 -92.4097 -5.1894 0 0 -4.7124 1 0
5 6.0000 -102.4097 -5.1894 0 0 -4.7124 1 0
5 6.0000 -112.1545 -7.1277 0 0 -4.3197 1 0
4 6.0000 -120.4158 -12.6476 0 0 -3.9270 1 0
4 6.0000 -127.4869 -19.7187 0 0 -3.9270 1 0
4 6.0000 -134.5579 -26.7897 0 0 -3.9270 1 0
4 6.0000 -141.6290 -33.8608 0 0 -3.9270 1 0
4 6.0000 -148.7001 -40.9319 0 0 -3.9270 1 0
4 6.0000 -155.7711 -48.0029 0 0 -3.9270 1 0
7 6.0000 -162.8422 -55.0740 0 0 -3.9270 1 0
7 6.0000 -171.1034 -60.5940 0 0 -4.3197 1 0
4 6.0000 -180.8482 -62.5324 0 0 -4.7124 1 0
4 6.0000 -190.8482 -62.5324 0 0 -4.7124 1 0
4 6.0000 -200.8482 -62.5324 0 0 -4.7124 1 0
4 6.0000 -210.8482 -62.5324 0 0 -4.7124 1 0
4 6.0000 -220.8482 -62.5324 0 0 -4.7124 1 0
4 6.0000 -230.8482 -62.5324 0 0 -4.7124 1 0
7 6.0000 -240.8482 -62.5324 0 0 -4.7124 1 0
8 6.0000 -250.5930 -60.5941 0 0 -5.1051 1 0
7 6.0000 -257.4837 -53.7035 0 0 -5.8905 1 0
4 6.0000 -259.4221 -43.9587 0 0 -6.2832 1 0
4 6.0000 -259.4221 -33.9587 0 0 -6.2832 1 0
4 6.0000 -259.4221 -23.9587 0 0 -6.2832 1 0
4 6.0000 -259.4221 -13.9587 0 0 -6.2832 1 0
4 6.0000 -259.4221 -3.9587 0 0 -6.2832 1 0
4 6.0000 -259.4221 6.0413 0 0 -6.2832 1 0
4 6.0000 -259.4221 16.0413 0 0 -6.2832 1 0
4 6.0000 -259.4221 26.0413 0 0 -6.2832 1 0
4 6.0000 -259.4220 36.0413 0 0 -6.2832 1 0
7 6.0000 -259.4220 46.0413 0 0 -6.2832 1 0
7 6.0000 -257.4837 55.7861 0 0 -6.6759 1 0
7 6.0000 -251.9638 64.0474 0 0 -7.0686 1 0
7 6.0000 -243.7026 69.5674 0 0 -7.4613 1 0
4 6.0000 -233.9578 71.5058 0 0 -7.8540 1 0
4 6.0000 -223.9578 71.5058 0 0 -7.8540 1 0
4 6.0000 -213.9578 71.5058 0 0 -7.8540 1 0
4 6.0000 -203.9578 71.5058 0 0 -7.8540 1 0
4 6.0000 -193.9578 71.5058 0 0 -7.8540 1 0
4 6.0000 -183.9578 71.5058 0 0 -7.8540 1 0
4 6.0000 -173.9578 71.5058 0 0 -7.8540 1 0
4 6.0000 -163.9578 71.5058 0 0 -7.8540 1 0
4 6.0000 -153.9578 71.5058 0 0 -7.8540 1 0
4 6.0000 -143.9578 71.5058 0 0 -7.8540 1 0
4 6.0000 -133.9578 71.5058 0 0 -7.8540 1 0
4 6.0000 -123.9578 71.5058 0 0 -7.8540 1 0
4 6.0000 -113.9578 71.5058 0 0 -7.8540 1 0
4 6.0000 -103.9578 71.5058 0 0 -7.8540 1 0
4 6.0000 -93.9578 71.5058 0 0 -7.8540 1 0
7 6.0000 -83.9578 71.5058 0 0 -7.8540 1 0
7 6.0000 -74.2130 69.5675 0 0 -8.2467 1 0
7 6.0000 -65.9518 64.0475 0 0 -8.6394 1 0
7 6.0000 -60.4317 55.7863 0 0 -9.0321 1 0
4 6.0000 -58.4933 46.0416 0 0 -9.4248 1 0
4 6.0000 -58.4933 36.0416 0 0 -9.4248 1 0
14 6.0000 -58.4933 26.0416 0 0 -9.4248 1 0
26 8.4000 -58.4933 16.0416 0 0 -9.4248 1 0
26 10.8000 -58.4933 6.0416 0 0 -9.4248 1 0
15 13.2000 -58.4934 -3.9584 0 0 -9.4248 1 0
26 10.8000 -58.4934 -23.9584 0 0 -6.2832 1 0
26 8.4000 -58.4934 -33.9584 0 0 -6.2832 1 0
14 6.0000 -58.4934 -43.9584 0 0 -6.2832 1 0
5 6.0000 -58.4934 -43.9584 0 0 -9.4248 1 0
5 6.0000 -56.5551 -53.7032 0 0 -9.0321 1 0
4 6.0000 -51.0351 -61.9645 0 0 -8.6394 1 0
4 6.0000 -43.9641 -69.0356 0 0 -8.6394 1 0
4 6.0000 -36.8930 -76.1067 0 0 -8.6394 1 0
4 6.0000 -29.8220 -83.1777 0 0 -8.6394 1 0
4 6.0000 -22.7509 -90.2488 0 0 -8.6394 1 0
4 6.0000 -15.6798 -97.3199 0 0 -8.6394 1 0
4 6.0000 -8.6088 -104.3909 0 0 -8.6394 1 0
4 6.0000 -1.5377 -111.4620 0 0 -8.6394 1 0
4 6.0000 5.5334 -118.5331 0 0 -8.6394 1 0
4 6.0000 12.6044 -125.6042 0 0 -8.6394 1 0
5 6.0000 19.6755 -132.6752 0 0 -8.6394 1 0
5 6.0000 27.9367 -138.1953 0 0 -8.2467 1 0
5 6.0000 37.6815 -140.1337 0 0 -7.8540 1 0
5 6.0000 47.4263 -138.1954 0 0 -7.4613 1 0
5 6.0000 55.6875 -132.6755 0 0 -7.0686 1 0
5 6.0000 61.2076 -124.4143 0 0 -6.6759 1 0
4 6.0000 63.1460 -114.6695 0 0 -6.2832 1 0
4 6.0000 63.1460 -104.6695 0 0 -6.2832 1 0
4 6.0000 63.1460 -94.6695 0 0 -6.2832 1 0
4 6.0000 63.1460 -84.6695 0 0 -6.2832 1 0
4 6.0000 63.1460 -74.6695 0 0 -6.2832 1 0
4 6.0000 63.1460 -64.6695 0 0 -6.2832 1 0
14 6.0000 63.1460 -54.6695 0 0 -6.2832 1 0
26 8.4000 63.1460 -44.6695 0 0 -6.2832 1 0
26 10.8000 63.1460 -34.6695 0 0 -6.2832 1 0
15 13.2000 63.1460 -24.6695 0 0 -6.2832 1 0
15 13.2000 63.1460 -14.6695 0 0 -6.2832 1 0
26 10.8000 63.1460 5.3305 0 0 -3.1416 1 0
26 8.4000 63.1460 15.3305 0 0 -3.1416 1 0
14 6.0000 63.1460 25.3305 0 0 -3.1416 1 0
4 6.0000 63.1460 25.3305 0 0 -6.2832 1 0
4 6.0000 63.1460 35.3305 0 0 -6.2832 1 0
4 6.0000 63.1460 45.3305 0 0 -6.2832 1 0
21 6.0000 63.1460 55.3305 0 0 -6.2832 5 0
16 6.0000 63.1460 35.3305 0 0 -6.2832 2 0
20 -1.2000 -5.5000 40.0044 0 0 3.1416 2 0
19 -1.2000 5.5000 39.9956 0 0 -0.0000 2 0
20 -1.2000 -5.5000 60.0044 0 0 3.1416 2 0
19 -1.2000 -5.5000 80.0044 0 0 3.1416 2 0
19 -1.2000 -5.5000 100.0044 0 0 3.1416 2 0
19 -1.2000 5.5000 99.9956 0 0 -0.0000 2 0
17 -1.2000 -5.3000 120.0042 0 0 0.0000 2 0
24 -1.2000 5.3000 119.9958 0 0 0.0000 2 0
17 -1.2000 -5.3000 140.0042 0 0 0.0000 2 0
24 -1.2000 5.3000 139.9958 0 0 0.0000 2 0
19 -1.2000 -3.1414 161.8536 0 0 2.7489 2 0
17 -1.2000 6.8332 157.7127 0 0 0.3927 2 0
17 -1.2000 10.7846 178.8278 0 0 0.7854 2 0
24 -1.2000 18.2740 171.3265 0 0 0.7854 2 0
18 -1.2000 24.9268 192.9699 0 0 0.7854 2 0
24 -1.2000 32.4161 185.4686 0 0 0.7854 2 0
20 -1.2000 38.9276 207.2536 0 0 2.3562 2 0
18 -1.2000 46.5582 199.6108 0 0 0.7854 2 0
20 -1.2000 60.8417 213.6114 0 0 -0.7854 2 0
20 -1.2000 67.2119 235.5379 0 0 2.3562 2 0
24 -1.2000 74.8425 227.8950 0 0 0.7854 2 0
20 -1.2000 81.3540 249.6800 0 0 2.3562 2 0
24 -1.2000 88.9847 242.0372 0 0 0.7854 2 0
17 -1.2000 95.6374 263.6806 0 0 0.7854 2 0
24 -1.2000 103.1268 256.1793 0 0 0.7854 2 0
20 -1.2000 112.6137 277.6041 0 0 1.9635 2 0
24 -1.2000 133.7022 283.5863 0 0 1.5708 2 0
24 -1.2000 153.7022 283.5863 0 0 1.5708 2 0
17 -1.2000 153.6937 272.9863 0 0 1.5708 2 0
20 -1.2000 173.7023 283.7863 0 0 1.5708 2 0
20 -1.2000 173.6936 272.7863 0 0 -1.5708 2 0
19 -1.2000 193.7023 283.7863 0 0 1.5708 2 0
17 -1.2000 193.6937 272.9863 0 0 1.5708 2 0
18 -1.2000 213.6937 272.9863 0 0 1.5708 2 0
24 -1.2000 233.7022 283.5863 0 0 1.5708 2 0
20 -1.2000 233.6936 272.7863 0 0 -1.5708 2 0
24 -1.2000 253.7022 283.5863 0 0 1.5708 2 0
20 -1.2000 273.7023 283.7863 0 0 1.5708 2 0
18 -1.2000 273.6937 272.9863 0 0 1.5708 2 0
19 -1.2000 293.7023 283.7863 0 0 1.5708 2 0
24 -1.2000 293.6937 272.9863 0 0 1.5708 2 0
20 -1.2000 313.6936 272.7863 0 0 -1.5708 2 0
24 -1.2000 331.4106 271.4530 0 0 1.9635 2 0
19 -1.2000 347.7718 259.7082 0 0 0.0000 2 0
20 -1.2000 336.7718 259.7169 0 0 -3.1416 2 0
17 -1.2000 347.5718 239.7083 0 0 3.1416 2 0
20 -1.2000 336.7718 239.7169 0 0 -3.1416 2 0
17 -1.2000 347.5718 219.7083 0 0 3.1416 2 0
20 -1.2000 336.7718 219.7169 0 0 -3.1416 2 0
19 -1.2000 347.7718 199.7082 0 0 0.0000 2 0
20 -1.2000 336.7718 199.7169 0 0 -3.1416 2 0
24 -1.2000 336.9718 179.7168 0 0 3.1416 2 0
20 -1.2000 347.7718 159.7082 0 0 0.0000 2 0
24 -1.2000 336.9718 159.7168 0 0 3.1416 2 0
18 -1.2000 347.5718 139.7083 0 0 3.1416 2 0
17 -1.2000 347.5718 119.7083 0 0 3.1416 2 0
24 -1.2000 336.9718 119.7168 0 0 3.1416 2 0
17 -1.2000 336.9718 99.7168 0 0 3.1416 2 0
24 -1.2000 347.5718 79.7083 0 0 3.1416 2 0
19 -1.2000 336.7718 79.7169 0 0 -3.1416 2 0
20 -1.2000 347.7718 59.7082 0 0 0.0000 2 0
20 -1.2000 336.7718 39.7169 0 0 -3.1416 2 0
24 -1.2000 347.5718 19.7083 0 0 3.1416 2 0
17 -1.2000 336.9718 19.7168 0 0 3.1416 2 0
18 -1.2000 338.5583 -2.0442 0 0 3.9270 2 0
17 -1.2000 331.0689 5.4571 0 0 3.9270 2 0
19 -1.2000 316.8032 -11.2520 0 0 -1.5708 2 0
20 -1.2000 294.9094 -2.1797 0 0 -2.3562 2 0
20 -1.2000 302.6937 5.5922 0 0 -5.4978 2 0
19 -1.2000 280.7672 11.9624 0 0 -2.3562 2 0
20 -1.2000 288.5516 19.7344 0 0 -5.4978 2 0
17 -1.2000 271.3593 33.3344 0 0 5.1051 2 0
17 -1.2000 248.8174 31.1982 0 0 5.1051 2 0
19 -1.2000 252.9584 41.1728 0 0 -5.1051 2 0
24 -1.4000 230.3398 38.8519 0 0 5.1051 2 0
17 -1.4000 234.4041 48.6418 0 0 5.1051 2 0
18 0.2000 211.8623 46.5056 0 0 5.1051 2 0
18 0.2000 215.9265 56.2955 0 0 5.1051 2 0
18 1.8000 193.3847 54.1592 0 0 5.1051 2 0
24 2.0000 174.9071 61.8129 0 0 5.1051 2 0
19 2.0000 179.0480 71.7875 0 0 -5.1051 2 0
19 2.0000 156.3528 69.2819 0 0 -1.9635 2 0
18 2.0000 160.4937 79.2565 0 0 5.1051 2 0
19 2.0000 137.8752 76.9355 0 0 -1.9635 2 0
20 2.0000 142.0928 87.0949 0 0 -5.1051 2 0
24 2.0000 119.4743 84.7739 0 0 5.1051 2 0
20 2.0000 123.6152 94.7485 0 0 -5.1051 2 0
20 2.0000 100.9200 92.2429 0 0 -1.9635 2 0
19 2.0000 82.4424 99.8966 0 0 -1.9635 2 0
19 2.0000 70.9434 118.2090 0 0 -5.4978 2 0
17 2.0000 54.2928 132.3332 0 0 6.2832 2 0
17 2.0000 64.8928 132.3247 0 0 6.2832 2 0
20 2.0000 70.9370 146.4429 0 0 -7.0686 2 0
19 2.0000 85.0613 163.2935 0 0 -4.7124 2 0
18 2.0000 85.0527 152.4935 0 0 7.8540 2 0
19 2.0000 99.1708 146.4493 0 0 -8.6394 2 0
18 2.0000 120.4274 142.6391 0 0 8.2467 2 0
18 2.0000 138.9050 134.9854 0 0 8.2467 2 0
24 2.0000 134.8408 125.1955 0 0 8.2467 2 0
24 2.0000 157.3826 127.3317 0 0 8.2467 2 0
19 2.0000 175.9369 119.8628 0 0 -5.1051 2 0
20 2.0000 171.7192 109.7035 0 0 -8.2467 2 0
18 1.8000 194.3378 112.0244 0 0 8.2467 2 0
18 1.8000 190.2735 102.2345 0 0 8.2467 2 0
24 3.4000 208.7511 94.5808 0 0 8.2467 2 0
20 3.6000 231.3696 96.9017 0 0 -5.1051 2 0
17 3.6000 227.2287 86.9271 0 0 8.2467 2 0
19 3.6000 249.8472 89.2481 0 0 -5.1051 2 0
17 3.6000 245.7063 79.2735 0 0 8.2467 2 0
19 3.6000 268.3248 81.5944 0 0 -5.1051 2 0
20 3.6000 285.1952 65.2495 0 0 -7.8540 2 0
24 3.6000 306.7300 77.5463 0 0 6.6759 2 0
24 3.6000 292.5645 93.8399 0 0 5.4978 2 0
20 3.6000 300.2073 101.4706 0 0 -5.4978 2 0
24 3.6000 276.7830 102.0365 0 0 5.1051 2 0
24 3.6000 280.8473 111.8264 0 0 5.1051 2 0
20 3.6000 239.7511 117.1591 0 0 -1.9635 2 0
20 3.6000 243.9688 127.3185 0 0 -5.1051 2 0
18 5.8000 202.8727 132.6512 0 0 5.1051 2 0
17 5.8000 206.9369 142.4411 0 0 5.1051 2 0
19 6.0000 184.3184 140.1202 0 0 -1.9635 2 0
24 6.0000 188.4593 150.0948 0 0 5.1051 2 0
17 6.0000 147.4399 155.6122 0 0 5.1051 2 0
17 6.0000 151.5041 165.4021 0 0 5.1051 2 0
24 6.0000 128.2213 166.1093 0 0 5.4978 2 0
17 6.0000 135.7226 173.5986 0 0 5.4978 2 0
20 6.0000 113.9376 180.1101 0 0 -2.3562 2 0
19 6.0000 121.7220 187.8821 0 0 -5.4978 2 0
17 6.0000 100.3405 197.3040 0 0 5.8905 2 0
24 6.0000 110.1369 201.3527 0 0 5.8905 2 0
18 6.0000 110.1051 220.8621 0 0 7.4613 2 0
17 6.0000 114.1537 211.0657 0 0 7.4613 2 0
19 6.0000 134.0277 214.3300 0 0 -5.4978 2 0
24 6.0000 148.0283 200.0465 0 0 8.6394 2 0
17 6.0000 140.5270 192.5571 0 0 8.6394 2 0
24 6.0000 163.8098 191.8499 0 0 8.2467 2 0
19 6.0000 182.3641 184.3809 0 0 -5.1051 2 0
17 6.0000 178.2231 174.4063 0 0 8.2467 2 0
18 6.0000 200.7650 176.5425 0 0 8.2467 2 0
19 6.0000 196.6240 166.5679 0 0 -8.2467 2 0
24 6.0000 219.2425 168.8889 0 0 8.2467 2 0
17 6.0000 237.7201 161.2352 0 0 8.2467 2 0
18 6.0000 233.6559 151.4453 0 0 8.2467 2 0
24 6.0000 256.1977 153.5815 0 0 8.2467 2 0
17 6.0000 252.1335 143.7916 0 0 8.2467 2 0
18 6.0000 274.6753 145.9278 0 0 8.2467 2 0
24 6.0000 270.6111 136.1380 0 0 8.2467 2 0
20 6.0000 291.6311 140.7676 0 0 -4.7124 2 0
20 6.0000 303.1826 146.2054 0 0 -3.5343 2 0
24 6.0000 313.1572 142.0645 0 0 6.6759 2 0
17 6.0000 299.5372 161.0560 0 0 5.8905 2 0
19 6.0000 309.5184 165.1810 0 0 -5.8905 2 0
24 6.0000 291.8836 179.5336 0 0 5.8905 2 0
18 6.0000 301.6799 183.5822 0 0 5.8905 2 0
19 6.0000 294.2111 202.1362 0 0 -5.8905 2 0
24 6.0000 286.3726 220.5374 0 0 5.8905 2 0
18 6.0000 265.6612 227.3994 0 0 5.1051 2 0
24 6.0000 250.2280 227.3963 0 0 4.3197 2 0
24 6.0000 246.1794 237.1927 0 0 4.3197 2 0
20 6.0000 236.7574 215.8113 0 0 -0.7854 2 0
18 6.0000 151.8827 15.3955 0 0 3.5343 2 0
17 6.0000 142.0929 19.4597 0 0 3.5343 2 0
18 6.0000 134.4392 0.9821 0 0 3.5343 2 0
18 6.0000 123.5287 -9.9331 0 0 4.3197 2 0
24 6.0000 84.0313 -19.7263 0 0 5.1051 2 0
19 6.0000 88.1722 -9.7517 0 0 -5.1051 2 0
20 6.0000 67.0755 -14.5661 0 0 -1.5708 2 0
19 6.0000 -72.4053 0.3106 0 0 -4.7124 2 0
24 6.0000 -92.4139 -10.4894 0 0 4.7124 2 0
18 6.0000 -92.4055 0.1106 0 0 4.7124 2 0
20 6.0000 -110.0538 -12.2107 0 0 -1.1781 2 0
20 6.0000 -114.2552 -2.0447 0 0 -4.3197 2 0
19 6.0000 -123.6009 -23.6109 0 0 -0.7854 2 0
19 6.0000 -131.3728 -15.8265 0 0 -3.9270 2 0
20 6.0000 -137.7430 -37.7530 0 0 -0.7854 2 0
24 6.0000 -145.3737 -30.1102 0 0 3.9270 2 0
18 6.0000 -152.0265 -51.7536 0 0 3.9270 2 0
19 6.0000 -159.6571 -44.1108 0 0 -3.9270 2 0
18 6.0000 -173.1277 -55.6959 0 0 4.3197 2 0
17 6.0000 -190.8524 -67.8324 0 0 4.7124 2 0
19 6.0000 -190.8438 -57.0324 0 0 -4.7124 2 0
20 6.0000 -210.8526 -68.0324 0 0 -1.5708 2 0
20 6.0000 -210.8438 -57.0324 0 0 -4.7124 2 0
18 6.0000 -230.8524 -67.8324 0 0 4.7124 2 0
17 6.0000 -230.8440 -57.2324 0 0 4.7124 2 0
19 6.0000 -252.7018 -65.6738 0 0 -1.9635 2 0
17 6.0000 -264.7221 -43.9545 0 0 6.2832 2 0
17 6.0000 -264.7221 -23.9545 0 0 6.2832 2 0
24 6.0000 -264.7221 -3.9545 0 0 6.2832 2 0
24 6.0000 -254.1221 -3.9629 0 0 6.2832 2 0
19 6.0000 -264.9221 16.0457 0 0 -3.1416 2 0
18 6.0000 -254.1221 16.0371 0 0 6.2832 2 0
17 6.0000 -264.7220 36.0455 0 0 6.2832 2 0
20 6.0000 -253.9221 36.0369 0 0 -6.2832 2 0
18 6.0000 -262.3787 57.8182 0 0 6.6759 2 0
24 6.0000 -252.5888 53.7540 0 0 6.6759 2 0
17 6.0000 -203.9536 76.8058 0 0 7.8540 2 0
24 6.0000 -203.9621 66.2058 0 0 7.8540 2 0
20 6.0000 -183.9535 77.0058 0 0 -4.7124 2 0
18 6.0000 -163.9621 66.2058 0 0 7.8540 2 0
18 6.0000 -143.9536 76.8058 0 0 7.8540 2 0
24 6.0000 -143.9621 66.2058 0 0 7.8540 2 0
24 6.0000 -123.9536 76.8058 0 0 7.8540 2 0
20 6.0000 -83.9535 77.0058 0 0 -4.7124 2 0
17 6.0000 -83.9621 66.2058 0 0 7.8540 2 0
24 6.0000 -62.2011 67.7922 0 0 8.6394 2 0
18 6.0000 -69.7024 60.3029 0 0 8.6394 2 0
17 6.0000 -53.1933 46.0373 0 0 9.4248 2 0
24 6.0000 -63.7933 46.0458 0 0 9.4248 2 0
18 6.0000 -47.7147 -72.7803 0 0 8.6394 2 0
17 6.0000 -26.0713 -79.4330 0 0 8.6394 2 0
19 6.0000 -33.7141 -87.0637 0 0 -8.6394 2 0
20 6.0000 -11.7876 -93.4339 0 0 -5.4978 2 0
17 6.0000 -19.4305 -101.0645 0 0 8.6394 2 0
20 6.0000 2.3545 -107.5760 0 0 -5.4978 2 0
20 6.0000 -5.4299 -115.3480 0 0 -8.6394 2 0
20 6.0000 16.4966 -121.7182 0 0 -5.4978 2 0
24 6.0000 8.8538 -129.3488 0 0 8.6394 2 0
20 6.0000 30.0455 -133.1156 0 0 -5.1051 2 0
24 6.0000 25.9046 -143.0902 0 0 8.2467 2 0
24 6.0000 45.4020 -133.2972 0 0 7.4613 2 0
19 6.0000 49.5270 -143.2784 0 0 -7.4613 2 0
17 6.0000 56.3126 -122.3821 0 0 6.6759 2 0
17 6.0000 66.1025 -126.4464 0 0 6.6759 2 0
19 6.0000 57.6460 -104.6651 0 0 -3.1416 2 0
20 6.0000 68.6460 -104.6739 0 0 -6.2832 2 0
19 6.0000 57.6460 -84.6651 0 0 -3.1416 2 0
19 6.0000 68.6460 -84.6739 0 0 -6.2832 2 0
17 6.0000 57.8460 -64.6653 0 0 6.2832 2 0
20 6.0000 68.6460 -64.6739 0 0 -6.2832 2 0
