ambient 0.4
headlight 0.4
directional 0.6
lightdir -1.0 1.0 1.0
background 140 160 230
clfactors 1.1 1.1 1.1
objtypes 2
objtype data/roads_low
objtype data/roads_low_alt
objects 10
object 1 0.0000 0.0000  0.0000 0 0 0.0000 1 0
object 2 0.0000 0.0000 20.0000 0 0 0.0000 1 0
object 1 0.0000 0.0000 40.0000 0 0 0.0000 1 0
object 2 1.2500 0.0000 59.8000 0 0.125 0.0000 1 0
object 1 2.5000 0.0000 79.6000 0 0 0.0000 1 0
object 2 1.2500 0.0000 99.4000 0 -0.125 0.0000 1 0
object 1 0.0000 0.0000 119.2000 0 0 0.0000 1 0
object 2 0.0000 0.0000 139.2000 0 0 0.0000 1 0
object 1 0.0000 0.0000 159.2000 0 0 0.0000 1 0
object 2 0.0000 0.0000 179.2000 0 0 0.0000 1 0
