ambient 0.5
headlight 0.2
directional 0.6
lightdir -1.0 1.0 1.0
background 170 200 225
clfactors 1.0 1.0 1.0
objtypes 37
data/steer.geo data/steer.col data/noref.ref data/nocl.cld
data/speed.geo data/speed.col data/noref.ref data/nocl.cld
data/dmod.geo data/dmod.col data/noref.ref data/nocl.cld
data/roads.geo data/road.col data/roads.ref data/road.cld
data/roadlw.geo data/road.col data/roadlw.ref data/road.cld
data/roadln.geo data/road.col data/roadln.ref data/road.cld
data/roadrw.geo data/road.col data/roadrw.ref data/road.cld
data/roadrn.geo data/road.col data/roadrn.ref data/road.cld
data/road25.geo data/road.col data/road25.ref data/road.cld
data/road50.geo data/road.col data/road50.ref data/road.cld
data/road75.geo data/road.col data/road75.ref data/road.cld
data/tunnb.geo data/tunnb.col data/tunn.ref data/tunnb.cld
data/tunn.geo data/tunn.col data/tunn.ref data/tunn.cld
data/bridgec.geo data/bridgec.col data/bridgstr.ref data/bridgec.cld
data/bridges.geo data/bridges.col data/bridges.ref data/nocl.cld
data/start.geo data/start.col data/start.ref data/nocl.cld
data/tree6.geo data/tree6.col data/tree.ref data/tree6.cld
data/tree5.geo data/tree5.col data/tree.ref data/tree5.cld
data/house1.geo data/house1.col data/house1.ref data/house1.cld
data/house2.geo data/house2.col data/house2.ref data/house2.cld
data/trs.geo data/trs.col data/trs.ref data/trs.cld
data/wind.geo data/wind.col data/wind.ref data/wind.cld
data/prop.geo data/prop.col data/noref.ref data/nocl.cld
data/tree7.geo data/tree7.col data/tree.ref data/tree7.cld
data/glider.geo data/glider.col data/noref.ref data/nocl.cld
data/bridgescl.geo data/bridges.col data/bridgec.ref data/nocl.cld
data/loop4r.geo data/loopblue.col data/loop4r.ref data/loop4r.cld
data/loop2r.geo data/loopgreen.col data/loop2r.ref data/loop2r.cld
data/loop1r.geo data/loopred.col data/loop1r.ref data/loop1r.cld
data/loop4l.geo data/loopblue.col data/loop4l.ref data/loop4l.cld
data/loop2l.geo data/loopgreen.col data/loop2l.ref data/loop2l.cld
data/roadhill2.geo data/roadhill2.col data/roads.ref data/roadhill2.cld
data/ground.geo data/ground.col data/noref.ref data/nocl.cld
data/corkr.geo data/cork.col data/corkr.ref data/corkr.cld
data/road11.geo data/road.col data/road11.ref data/road.cld
data/road12.geo data/road.col data/road12.ref data/road.cld
data/roadhill.geo data/roadhill.col data/roads.ref data/roadhill.cld
objects 516
33  -3.5  0.0  0.0  0.0  0.0  0.0  2  0
16 -1.2000 0.0000 20.0000 0 0 0.0000 2 0
21 -1.2000 0.0000 0.0000 0 0 3.1416 5 0
4 -1.2000 0.0000 0.0000 0 0 -0.0000 1 0
4 -1.2000 0.0000 10.0000 0 0 -0.0000 1 0
4 -1.2000 0.0000 20.0000 0 0 -0.0000 1 0
4 -1.2000 0.0000 30.0000 0 0 -0.0000 1 0
4 -1.2000 0.0000 40.0000 0 0 -0.0000 1 0
4 -1.2000 0.0000 50.0000 0 0 -0.0000 1 0
4 -1.2000 0.0000 60.0000 0 0 -0.0000 1 0
4 -1.2000 0.0000 70.0000 0 0 -0.0000 1 0
4 -1.2000 0.0000 80.0000 0 0 -0.0000 1 0
4 -1.2000 0.0000 90.0000 0 0 -0.0000 1 0
5 -1.2000 0.0000 100.0000 0 0 -0.0000 1 0
6 -1.2000 -1.9383 109.7448 0 0 0.3927 1 0
5 -1.2000 -8.8290 116.6355 0 0 1.1781 1 0
4 -1.2000 -18.5737 118.5739 0 0 1.5708 1 0
9 -1.2000 -28.5737 118.5739 0 0 1.5708 1 0
4 -0.4000 -38.5737 118.5739 0 0 1.5708 1 0
4 -0.4000 -48.5737 118.5739 0 0 1.5708 1 0
4 -0.4000 -58.5737 118.5739 0 0 1.5708 1 0
9 -1.2000 -78.5737 118.5739 0 0 4.7124 1 0
4 -1.2000 -78.5737 118.5739 0 0 1.5708 1 0
5 -1.2000 -88.5737 118.5739 0 0 1.5708 1 0
5 -1.2000 -98.3185 116.6356 0 0 1.9635 1 0
5 -1.2000 -106.5798 111.1157 0 0 2.3562 1 0
5 -1.2000 -112.0998 102.8545 0 0 2.7489 1 0
4 -1.2000 -114.0383 93.1097 0 0 3.1416 1 0
4 -1.2000 -114.0383 83.1097 0 0 3.1416 1 0
4 -1.2000 -114.0383 73.1097 0 0 3.1416 1 0
4 -1.2000 -114.0383 63.1097 0 0 3.1416 1 0
4 -1.2000 -114.0382 53.1097 0 0 3.1416 1 0
8 -1.2000 -114.0382 43.1097 0 0 3.1416 1 0
8 -1.2000 -117.7674 34.1066 0 0 2.3562 1 0
4 -1.2000 -126.7705 30.3774 0 0 1.5708 1 0
4 -1.2000 -136.7705 30.3774 0 0 1.5708 1 0
12 -1.2000 -146.7705 30.3774 0 0 1.5708 1 0
13 -1.2000 -156.7705 30.3774 0 0 1.5708 1 0
13 -1.2000 -166.7705 30.3774 0 0 1.5708 1 0
13 -1.2000 -176.7705 30.3774 0 0 1.5708 1 0
13 -1.2000 -186.7705 30.3774 0 0 1.5708 1 0
13 -1.2000 -196.7705 30.3774 0 0 1.5708 1 0
13 -1.2000 -206.7705 30.3774 0 0 1.5708 1 0
13 -1.2000 -216.7705 30.3774 0 0 1.5708 1 0
13 -1.2000 -226.7705 30.3774 0 0 1.5708 1 0
13 -1.2000 -236.7705 30.3774 0 0 1.5708 1 0
12 -1.2000 -256.7705 30.3774 0 0 4.7124 1 0
4 -1.2000 -256.7705 30.3774 0 0 1.5708 1 0
4 -1.2000 -266.7705 30.3774 0 0 1.5708 1 0
8 -1.2000 -276.7705 30.3774 0 0 1.5708 1 0
8 -1.2000 -285.7736 34.1066 0 0 0.7854 1 0
5 -1.2000 -289.5029 43.1097 0 0 0.0000 1 0
5 -1.2000 -291.4412 52.8545 0 0 0.3927 1 0
5 -1.2000 -296.9611 61.1157 0 0 0.7854 1 0
5 -1.2000 -305.2223 66.6357 0 0 1.1781 1 0
4 -1.2000 -314.9671 68.5742 0 0 1.5708 1 0
12 -1.2000 -324.9671 68.5742 0 0 1.5708 1 0
13 -1.2000 -334.9671 68.5742 0 0 1.5708 1 0
13 -1.2000 -344.9671 68.5742 0 0 1.5708 1 0
13 -1.2000 -354.9671 68.5742 0 0 1.5708 1 0
13 -1.2000 -364.9671 68.5742 0 0 1.5708 1 0
13 -1.2000 -374.9671 68.5742 0 0 1.5708 1 0
13 -1.2000 -384.9671 68.5742 0 0 1.5708 1 0
12 -1.2000 -404.9671 68.5742 0 0 4.7124 1 0
4 -1.2000 -404.9671 68.5742 0 0 1.5708 1 0
5 -1.2000 -414.9671 68.5742 0 0 1.5708 1 0
5 -1.2000 -424.7119 66.6359 0 0 1.9635 1 0
5 -1.2000 -432.9731 61.1159 0 0 2.3562 1 0
5 -1.2000 -438.4932 52.8547 0 0 2.7489 1 0
4 -1.2000 -440.4316 43.1100 0 0 3.1416 1 0
4 -1.2000 -440.4316 33.1100 0 0 3.1416 1 0
4 -1.2000 -440.4316 23.1100 0 0 3.1416 1 0
5 -1.2000 -440.4316 13.1100 0 0 3.1416 1 0
5 -1.2000 -438.4933 3.3652 0 0 3.5343 1 0
5 -1.2000 -432.9733 -4.8961 0 0 3.9270 1 0
5 -1.2000 -424.7121 -10.4161 0 0 4.3197 1 0
4 -1.2000 -414.9674 -12.3546 0 0 4.7124 1 0
4 -1.2000 -404.9674 -12.3546 0 0 4.7124 1 0
4 -1.2000 -394.9674 -12.3546 0 0 4.7124 1 0
4 -1.2000 -384.9674 -12.3546 0 0 4.7124 1 0
9 -1.2000 -374.9674 -12.3545 0 0 4.7124 1 0
10 -0.4000 -364.9674 -12.3545 0 0 4.7124 1 0
10 1.2000 -354.9674 -12.3545 0 0 4.7124 1 0
10 2.8000 -344.9674 -12.3545 0 0 4.7124 1 0
10 4.4000 -334.9674 -12.3545 0 0 4.7124 1 0
10 6.0000 -324.9674 -12.3545 0 0 4.7124 1 0
10 7.6000 -314.9674 -12.3545 0 0 4.7124 1 0
10 9.2000 -304.9674 -12.3545 0 0 4.7124 1 0
10 10.8000 -294.9674 -12.3545 0 0 4.7124 1 0
10 12.4000 -284.9674 -12.3545 0 0 4.7124 1 0
10 14.0000 -274.9674 -12.3545 0 0 4.7124 1 0
9 15.6000 -264.9674 -12.3545 0 0 4.7124 1 0
4 16.4000 -254.9674 -12.3545 0 0 4.7124 1 0
4 16.4000 -244.9674 -12.3545 0 0 4.7124 1 0
4 16.4000 -234.9674 -12.3545 0 0 4.7124 1 0
4 16.4000 -224.9674 -12.3545 0 0 4.7124 1 0
5 16.4000 -214.9674 -12.3545 0 0 4.7124 1 0
7 16.4000 -205.2226 -10.4162 0 0 5.1051 1 0
4 16.4000 -195.4778 -8.4778 0 0 4.7124 1 0
4 16.4000 -185.4778 -8.4778 0 0 4.7124 1 0
9 15.6000 -165.4778 -8.4778 0 0 7.8540 1 0
10 14.0000 -155.4778 -8.4778 0 0 7.8540 1 0
10 12.4000 -145.4778 -8.4778 0 0 7.8540 1 0
10 10.8000 -135.4778 -8.4778 0 0 7.8540 1 0
10 9.2000 -125.4778 -8.4778 0 0 7.8540 1 0
10 7.6000 -115.4778 -8.4778 0 0 7.8540 1 0
10 6.0000 -105.4778 -8.4778 0 0 7.8540 1 0
9 5.2000 -95.4778 -8.4778 0 0 7.8540 1 0
4 5.2000 -95.4778 -8.4778 0 0 4.7124 1 0
8 5.2000 -85.4778 -8.4778 0 0 4.7124 1 0
8 5.2000 -76.4747 -12.2070 0 0 3.9270 1 0
6 5.2000 -72.7455 -21.2101 0 0 3.1416 1 0
6 5.2000 -69.0163 -30.2132 0 0 3.9270 1 0
4 5.2000 -60.0132 -33.9424 0 0 4.7124 1 0
4 5.2000 -50.0132 -33.9424 0 0 4.7124 1 0
4 5.2000 -40.0132 -33.9424 0 0 4.7124 1 0
4 5.2000 -30.0132 -33.9424 0 0 4.7124 1 0
9 4.4000 -10.0132 -33.9424 0 0 7.8540 1 0
10 2.8000 -0.0132 -33.9424 0 0 7.8540 1 0
10 1.2000 9.9868 -33.9424 0 0 7.8540 1 0
10 -0.4000 19.9868 -33.9424 0 0 7.8540 1 0
10 -2.0000 29.9868 -33.9423 0 0 7.8540 1 0
9 -2.8000 39.9868 -33.9423 0 0 7.8540 1 0
4 -2.8000 39.9868 -33.9423 0 0 4.7124 1 0
6 -2.8000 49.9868 -33.9423 0 0 4.7124 1 0
6 -2.8000 58.9899 -30.2131 0 0 5.4978 1 0
8 -2.8000 62.7191 -21.2100 0 0 6.2832 1 0
8 -2.8000 66.4483 -12.2069 0 0 5.4978 1 0
4 -2.8000 75.4514 -8.4777 0 0 4.7124 1 0
4 -2.8000 85.4514 -8.4777 0 0 4.7124 1 0
4 -2.8000 95.4514 -8.4777 0 0 4.7124 1 0
4 -2.8000 105.4514 -8.4777 0 0 4.7124 1 0
4 -2.8000 115.4514 -8.4777 0 0 4.7124 1 0
4 -2.8000 125.4514 -8.4777 0 0 4.7124 1 0
4 -2.8000 135.4514 -8.4777 0 0 4.7124 1 0
7 -2.8000 145.4514 -8.4777 0 0 4.7124 1 0
8 -2.8000 155.1962 -10.4160 0 0 4.3197 1 0
7 -2.8000 162.0869 -17.3067 0 0 3.5343 1 0
4 -2.8000 164.0253 -27.0515 0 0 3.1416 1 0
4 -2.8000 164.0253 -37.0515 0 0 3.1416 1 0
5 -2.8000 164.0253 -47.0515 0 0 3.1416 1 0
5 -2.8000 165.9636 -56.7963 0 0 3.5343 1 0
5 -2.8000 171.4836 -65.0575 0 0 3.9270 1 0
5 -2.8000 179.7448 -70.5776 0 0 4.3197 1 0
4 -2.8000 189.4895 -72.5160 0 0 4.7124 1 0
4 -2.8000 199.4895 -72.5160 0 0 4.7124 1 0
4 -2.8000 209.4895 -72.5160 0 0 4.7124 1 0
4 -2.8000 219.4895 -72.5160 0 0 4.7124 1 0
4 -2.8000 229.4895 -72.5160 0 0 4.7124 1 0
4 -2.8000 239.4895 -72.5160 0 0 4.7124 1 0
4 -2.8000 249.4895 -72.5160 0 0 4.7124 1 0
6 -2.8000 259.4895 -72.5160 0 0 4.7124 1 0
6 -2.8000 268.4926 -68.7867 0 0 5.4978 1 0
4 -2.8000 272.2218 -59.7837 0 0 6.2832 1 0
4 -2.8000 272.2218 -49.7837 0 0 6.2832 1 0
4 -2.8000 272.2218 -39.7837 0 0 6.2832 1 0
4 -2.8000 272.2218 -29.7837 0 0 6.2832 1 0
4 -2.8000 272.2218 -19.7837 0 0 6.2832 1 0
4 -2.8000 272.2218 -9.7837 0 0 6.2832 1 0
4 -2.8000 272.2218 0.2163 0 0 6.2832 1 0
4 -2.8000 272.2218 10.2163 0 0 6.2832 1 0
4 -2.8000 272.2218 20.2163 0 0 6.2832 1 0
4 -2.8000 272.2218 30.2163 0 0 6.2832 1 0
4 -2.8000 272.2218 40.2163 0 0 6.2832 1 0
4 -2.8000 272.2218 50.2163 0 0 6.2832 1 0
32 -2.8000 272.2218 60.2163 0 0 6.2832 1 0
4 -2.8000 272.2218 70.2163 0 0 6.2832 1 0
4 -2.8000 272.2218 80.2163 0 0 6.2832 1 0
4 -2.8000 272.2218 90.2163 0 0 6.2832 1 0
4 -2.8000 272.2218 100.2163 0 0 6.2832 1 0
4 -2.8000 272.2218 110.2163 0 0 6.2832 1 0
4 -2.8000 272.2218 120.2163 0 0 6.2832 1 0
4 -2.8000 272.2218 130.2163 0 0 6.2832 1 0
6 -2.8000 272.2218 140.2163 0 0 6.2832 1 0
5 -2.8000 268.4926 149.2194 0 0 7.0686 1 0
5 -2.8000 260.2314 154.7395 0 0 7.4613 1 0
4 -2.8000 250.4866 156.6779 0 0 7.8540 1 0
4 -2.8000 240.4866 156.6779 0 0 7.8540 1 0
4 -2.8000 230.4866 156.6779 0 0 7.8540 1 0
4 -2.8000 220.4866 156.6779 0 0 7.8540 1 0
4 -2.8000 210.4866 156.6779 0 0 7.8540 1 0
4 -2.8000 200.4866 156.6779 0 0 7.8540 1 0
4 -2.8000 190.4866 156.6779 0 0 7.8540 1 0
4 -2.8000 180.4866 156.6779 0 0 7.8540 1 0
4 -2.8000 170.4866 156.6779 0 0 7.8540 1 0
4 -2.8000 160.4866 156.6779 0 0 7.8540 1 0
4 -2.8000 150.4866 156.6779 0 0 7.8540 1 0
4 -2.8000 140.4866 156.6778 0 0 7.8540 1 0
4 -2.8000 130.4866 156.6778 0 0 7.8540 1 0
4 -2.8000 120.4866 156.6778 0 0 7.8540 1 0
4 -2.8000 110.4866 156.6778 0 0 7.8540 1 0
4 -2.8000 100.4866 156.6778 0 0 7.8540 1 0
4 -2.8000 90.4866 156.6778 0 0 7.8540 1 0
4 -2.8000 80.4866 156.6778 0 0 7.8540 1 0
4 -2.8000 70.4866 156.6778 0 0 7.8540 1 0
4 -2.8000 60.4866 156.6778 0 0 7.8540 1 0
4 -2.8000 50.4866 156.6778 0 0 7.8540 1 0
4 -2.8000 40.4866 156.6778 0 0 7.8540 1 0
4 -2.8000 30.4866 156.6778 0 0 7.8540 1 0
4 -2.8000 20.4866 156.6778 0 0 7.8540 1 0
4 -2.8000 10.4866 156.6778 0 0 7.8540 1 0
4 -2.8000 0.4866 156.6778 0 0 7.8540 1 0
4 -2.8000 -9.5134 156.6778 0 0 7.8540 1 0
4 -2.8000 -19.5134 156.6778 0 0 7.8540 1 0
4 -2.8000 -29.5134 156.6778 0 0 7.8540 1 0
4 -2.8000 -39.5134 156.6778 0 0 7.8540 1 0
4 -2.8000 -49.5134 156.6778 0 0 7.8540 1 0
4 -2.8000 -59.5134 156.6778 0 0 7.8540 1 0
4 -2.8000 -69.5134 156.6778 0 0 7.8540 1 0
4 -2.8000 -79.5134 156.6778 0 0 7.8540 1 0
4 -2.8000 -89.5134 156.6778 0 0 7.8540 1 0
4 -2.8000 -99.5134 156.6778 0 0 7.8540 1 0
4 -2.8000 -109.5134 156.6778 0 0 7.8540 1 0
37 -2.8000 -119.5134 156.6778 0 0 7.8540 1 0
4 -2.8000 -129.5134 156.6777 0 0 7.8540 1 0
4 -2.8000 -139.5134 156.6777 0 0 7.8540 1 0
4 -2.8000 -149.5134 156.6777 0 0 7.8540 1 0
4 -2.8000 -159.5134 156.6777 0 0 7.8540 1 0
4 -2.8000 -169.5134 156.6777 0 0 7.8540 1 0
4 -2.8000 -179.5134 156.6777 0 0 7.8540 1 0
4 -2.8000 -189.5134 156.6777 0 0 7.8540 1 0
4 -2.8000 -199.5134 156.6777 0 0 7.8540 1 0
4 -2.8000 -209.5134 156.6777 0 0 7.8540 1 0
4 -2.8000 -219.5134 156.6777 0 0 7.8540 1 0
7 -2.8000 -229.5134 156.6777 0 0 7.8540 1 0
7 -2.8000 -239.2582 158.6160 0 0 7.4613 1 0
7 -2.8000 -247.5195 164.1359 0 0 7.0686 1 0
7 -2.8000 -253.0395 172.3971 0 0 6.6759 1 0
4 -2.8000 -254.9779 182.1419 0 0 6.2832 1 0
8 -2.8000 -254.9779 192.1419 0 0 6.2832 1 0
8 -2.8000 -251.2487 201.1450 0 0 5.4978 1 0
4 -2.8000 -242.2456 204.8742 0 0 4.7124 1 0
4 -2.8000 -232.2456 204.8742 0 0 4.7124 1 0
4 -2.8000 -222.2456 204.8742 0 0 4.7124 1 0
5 -2.8000 -212.2456 204.8742 0 0 4.7124 1 0
5 -2.8000 -202.5008 206.8125 0 0 5.1051 1 0
6 -2.8000 -194.2396 212.3325 0 0 5.4978 1 0
4 -2.8000 -190.5104 221.3356 0 0 6.2832 1 0
4 -2.8000 -190.5104 231.3356 0 0 6.2832 1 0
4 -2.8000 -190.5104 241.3356 0 0 6.2832 1 0
4 -2.8000 -190.5104 251.3356 0 0 6.2832 1 0
4 -2.8000 -190.5104 261.3356 0 0 6.2832 1 0
9 -2.8000 -190.5104 271.3356 0 0 6.2832 1 0
9 -2.0000 -190.5104 281.3356 0 0 6.2832 1 0
9 -1.2000 -190.5104 291.3356 0 0 6.2832 1 0
9 -0.4000 -190.5104 301.3356 0 0 6.2832 1 0
9 0.4000 -190.5104 311.3356 0 0 6.2832 1 0
4 1.2000 -190.5104 321.3356 0 0 6.2832 1 0
4 1.2000 -190.5104 331.3356 0 0 6.2832 1 0
4 1.2000 -190.5104 341.3356 0 0 6.2832 1 0
4 1.2000 -190.5104 351.3356 0 0 6.2832 1 0
4 1.2000 -190.5104 361.3356 0 0 6.2832 1 0
5 1.2000 -190.5104 371.3356 0 0 6.2832 1 0
5 1.2000 -192.4487 381.0804 0 0 6.6759 1 0
5 1.2000 -197.9686 389.3416 0 0 7.0686 1 0
5 1.2000 -206.2298 394.8616 0 0 7.4613 1 0
4 1.2000 -215.9746 396.8001 0 0 7.8540 1 0
4 1.2000 -225.9746 396.8001 0 0 7.8540 1 0
4 1.2000 -235.9746 396.8001 0 0 7.8540 1 0
4 1.2000 -245.9746 396.8001 0 0 7.8540 1 0
5 1.2000 -255.9746 396.8000 0 0 7.8540 1 0
5 1.2000 -265.7194 394.8617 0 0 8.2467 1 0
5 1.2000 -273.9807 389.3418 0 0 8.6394 1 0
5 1.2000 -279.5007 381.0806 0 0 9.0321 1 0
4 1.2000 -281.4391 371.3358 0 0 9.4248 1 0
4 1.2000 -281.4391 361.3358 0 0 9.4248 1 0
4 1.2000 -281.4391 351.3358 0 0 9.4248 1 0
4 1.2000 -281.4391 341.3358 0 0 9.4248 1 0
4 1.2000 -281.4391 331.3358 0 0 9.4248 1 0
4 1.2000 -281.4391 321.3358 0 0 9.4248 1 0
4 1.2000 -281.4391 311.3358 0 0 9.4248 1 0
4 1.2000 -281.4391 301.3358 0 0 9.4248 1 0
4 1.2000 -281.4391 291.3358 0 0 9.4248 1 0
4 1.2000 -281.4391 281.3358 0 0 9.4248 1 0
4 1.2000 -281.4391 271.3358 0 0 9.4248 1 0
4 1.2000 -281.4391 261.3358 0 0 9.4248 1 0
4 1.2000 -281.4391 251.3358 0 0 9.4248 1 0
4 1.2000 -281.4391 241.3358 0 0 9.4248 1 0
4 1.2000 -281.4390 231.3358 0 0 9.4248 1 0
4 1.2000 -281.4390 221.3358 0 0 9.4248 1 0
4 1.2000 -281.4390 211.3358 0 0 9.4248 1 0
4 1.2000 -281.4390 201.3358 0 0 9.4248 1 0
4 1.2000 -281.4390 191.3358 0 0 9.4248 1 0
4 1.2000 -281.4390 181.3358 0 0 9.4248 1 0
4 1.2000 -281.4390 171.3358 0 0 9.4248 1 0
4 1.2000 -281.4390 161.3358 0 0 9.4248 1 0
4 1.2000 -281.4390 151.3358 0 0 9.4248 1 0
4 1.2000 -281.4390 141.3358 0 0 9.4248 1 0
4 1.2000 -281.4390 131.3358 0 0 9.4248 1 0
4 1.2000 -281.4390 121.3358 0 0 9.4248 1 0
4 1.2000 -281.4390 111.3358 0 0 9.4248 1 0
4 1.2000 -281.4390 101.3358 0 0 9.4248 1 0
6 1.2000 -281.4390 91.3358 0 0 9.4248 1 0
6 1.2000 -277.7098 82.3327 0 0 10.2102 1 0
4 1.2000 -268.7067 78.6035 0 0 10.9956 1 0
4 1.2000 -258.7067 78.6035 0 0 10.9956 1 0
4 1.2000 -248.7067 78.6035 0 0 10.9956 1 0
4 1.2000 -238.7067 78.6035 0 0 10.9956 1 0
4 1.2000 -228.7067 78.6035 0 0 10.9956 1 0
4 1.2000 -218.7067 78.6036 0 0 10.9956 1 0
4 1.2000 -208.7067 78.6036 0 0 10.9956 1 0
4 1.2000 -198.7067 78.6036 0 0 10.9956 1 0
4 1.2000 -188.7067 78.6036 0 0 10.9956 1 0
4 1.2000 -178.7067 78.6036 0 0 10.9956 1 0
21 1.2000 -168.7067 78.6036 0 0 10.9956 5 0
16 1.2000 -188.7067 78.6036 0 0 10.9956 2 0
20 -1.2000 -5.5000 40.0044 0 0 3.1416 2 0
20 -1.2000 5.5000 39.9956 0 0 -0.0000 2 0
17 -1.2000 -5.3000 60.0042 0 0 0.0000 2 0
19 -1.2000 -5.5000 80.0044 0 0 3.1416 2 0
24 -1.2000 5.3000 79.9958 0 0 0.0000 2 0
20 -1.2000 -5.5000 100.0044 0 0 3.1416 2 0
19 -1.2000 5.5000 99.9956 0 0 -0.0000 2 0
18 -1.2000 -10.8611 111.7405 0 0 -1.1781 2 0
24 -1.2000 -6.7968 121.5304 0 0 -1.1781 2 0
17 -1.4000 -28.5780 113.2739 0 0 -1.5708 2 0
24 -1.4000 -28.5695 123.8739 0 0 -1.5708 2 0
18 -0.6000 -48.5695 123.8739 0 0 -1.5708 2 0
17 -0.6000 -68.5780 113.2739 0 0 -1.5708 2 0
24 -0.6000 -68.5695 123.8739 0 0 -1.5708 2 0
24 -1.4000 -88.5695 123.8739 0 0 -1.5708 2 0
17 -1.2000 -102.8351 107.3650 0 0 -2.3562 2 0
24 -1.2000 -110.3245 114.8663 0 0 -2.3562 2 0
17 -1.2000 -119.3383 93.1139 0 0 -3.1416 2 0
17 -1.2000 -108.7383 73.1055 0 0 -3.1416 2 0
24 -1.2000 -119.3383 73.1139 0 0 -3.1416 2 0
20 -1.2000 -108.5383 53.1053 0 0 6.2832 2 0
24 -1.2000 -119.3382 53.1139 0 0 -3.1416 2 0
17 -1.2000 -114.0228 30.3559 0 0 -2.3562 2 0
24 -1.2000 -121.5121 37.8572 0 0 -2.3562 2 0
17 -1.2000 -136.7748 25.0774 0 0 -1.5708 2 0
24 -1.2000 -136.7663 35.6774 0 0 -1.5708 2 0
24 -1.2000 -276.7748 25.0774 0 0 -1.5708 2 0
24 -1.2000 -294.8029 43.1139 0 0 -0.0000 2 0
18 -1.2000 -284.2029 43.1054 0 0 -0.0000 2 0
17 -1.2000 -300.7117 57.3710 0 0 -0.7854 2 0
17 -1.2000 -293.2104 64.8604 0 0 -0.7854 2 0
19 -1.2000 -314.9714 63.0742 0 0 4.7124 2 0
18 -1.2000 -314.9628 73.8742 0 0 -1.5708 2 0
18 -1.2000 -436.7178 64.8666 0 0 -2.3562 2 0
24 -1.2000 -435.1316 43.1057 0 0 -3.1416 2 0
17 -1.2000 -445.7316 43.1142 0 0 -3.1416 2 0
24 -1.2000 -435.1316 23.1057 0 0 -3.1416 2 0
20 -1.2000 -433.4103 5.4659 0 0 6.6759 2 0
24 -1.2000 -443.3914 1.3408 0 0 -3.5343 2 0
19 -1.2000 -422.6033 -5.3365 0 0 7.4613 2 0
24 -1.2000 -426.7443 -15.3111 0 0 -4.3197 2 0
17 -1.2000 -404.9716 -17.6546 0 0 -4.7124 2 0
24 -1.2000 -384.9716 -17.6545 0 0 -4.7124 2 0
17 -0.8000 -364.9631 -7.0545 0 0 -4.7124 2 0
18 2.4000 -344.9631 -7.0545 0 0 -4.7124 2 0
17 2.4000 -344.9716 -17.6545 0 0 -4.7124 2 0
17 5.6000 -324.9631 -7.0545 0 0 -4.7124 2 0
17 5.6000 -324.9716 -17.6545 0 0 -4.7124 2 0
17 8.8000 -304.9631 -7.0545 0 0 -4.7124 2 0
18 8.8000 -304.9716 -17.6545 0 0 -4.7124 2 0
24 12.0000 -284.9716 -17.6545 0 0 -4.7124 2 0
18 15.2000 -264.9631 -7.0545 0 0 -4.7124 2 0
24 15.2000 -264.9716 -17.6545 0 0 -4.7124 2 0
24 16.2000 -244.9631 -7.0545 0 0 -4.7124 2 0
18 16.4000 -224.9631 -7.0545 0 0 -4.7124 2 0
24 16.4000 -224.9716 -17.6545 0 0 -4.7124 2 0
18 16.4000 -203.1982 -15.3144 0 0 -5.1051 2 0
24 16.4000 -185.4736 -3.1778 0 0 -4.7124 2 0
19 16.4000 -185.4822 -13.9778 0 0 4.7124 2 0
18 15.2000 -165.4736 -3.1778 0 0 -4.7124 2 0
18 15.2000 -165.4820 -13.7778 0 0 -4.7124 2 0
17 12.0000 -145.4820 -13.7778 0 0 -4.7124 2 0
24 8.8000 -125.4736 -3.1778 0 0 -4.7124 2 0
17 8.8000 -125.4820 -13.7778 0 0 -4.7124 2 0
18 5.6000 -105.4736 -3.1778 0 0 -4.7124 2 0
18 5.6000 -105.4820 -13.7778 0 0 -4.7124 2 0
18 5.0000 -85.4736 -3.1778 0 0 -4.7124 2 0
17 5.2000 -67.4455 -21.2143 0 0 -3.1416 2 0
17 5.2000 -78.0455 -21.2058 0 0 -3.1416 2 0
20 5.2000 -60.0088 -28.4424 0 0 7.8540 2 0
20 5.2000 -60.0175 -39.4424 0 0 4.7124 2 0
18 5.2000 -40.0174 -39.2424 0 0 -4.7124 2 0
18 5.0000 -20.0089 -28.6424 0 0 -4.7124 2 0
17 5.0000 -20.0174 -39.2424 0 0 -4.7124 2 0
24 2.4000 -0.0089 -28.6424 0 0 -4.7124 2 0
17 -0.8000 19.9911 -28.6424 0 0 -4.7124 2 0
17 -0.8000 19.9826 -39.2423 0 0 -4.7124 2 0
24 -3.2000 39.9911 -28.6423 0 0 -4.7124 2 0
24 -2.8000 55.2452 -26.4625 0 0 -5.4978 2 0
20 -2.8000 62.8759 -34.1053 0 0 5.4978 2 0
19 -2.8000 62.5623 -8.3148 0 0 8.6394 2 0
24 -2.8000 70.1930 -15.9576 0 0 -5.4978 2 0
19 -2.8000 85.4558 -2.9777 0 0 7.8540 2 0
17 -2.8000 85.4472 -13.7777 0 0 -4.7124 2 0
24 -2.8000 105.4556 -3.1777 0 0 -4.7124 2 0
17 -2.8000 105.4472 -13.7777 0 0 -4.7124 2 0
17 -2.8000 125.4556 -3.1777 0 0 -4.7124 2 0
19 -2.8000 145.4558 -2.9777 0 0 7.8540 2 0
19 -2.8000 157.0039 -19.4074 0 0 3.5343 2 0
18 -2.8000 169.3253 -37.0557 0 0 -3.1416 2 0
18 -2.8000 158.7253 -37.0472 0 0 -3.1416 2 0
20 -2.8000 181.8536 -65.4979 0 0 7.4613 2 0
18 -2.8000 177.7126 -75.4725 0 0 -4.3197 2 0
17 -2.8000 199.4938 -67.2160 0 0 -4.7124 2 0
20 -2.8000 199.4852 -78.0160 0 0 4.7124 2 0
18 -2.8000 219.4938 -67.2160 0 0 -4.7124 2 0
24 -2.8000 239.4853 -77.8160 0 0 -4.7124 2 0
24 -2.8000 259.4938 -67.2160 0 0 -4.7124 2 0
19 -2.8000 266.7218 -59.7793 0 0 9.4248 2 0
17 -2.8000 277.5218 -59.7879 0 0 -6.2832 2 0
20 -2.8000 266.7218 -39.7793 0 0 9.4248 2 0
17 -2.8000 277.5218 -39.7879 0 0 -6.2832 2 0
24 -2.8000 277.5218 -19.7879 0 0 -6.2832 2 0
17 -2.8000 266.9218 0.2206 0 0 -6.2832 2 0
18 -2.8000 277.5218 0.2121 0 0 -6.2832 2 0
19 -2.8000 266.7218 20.2207 0 0 9.4248 2 0
18 -2.8000 277.5218 20.2121 0 0 -6.2832 2 0
20 -2.8000 266.7218 40.2207 0 0 9.4248 2 0
17 -2.8000 277.5218 40.2121 0 0 -6.2832 2 0
20 -2.8000 277.7218 60.2120 0 0 6.2832 2 0
24 -2.8000 277.5218 80.2121 0 0 -6.2832 2 0
24 -2.8000 266.9218 100.2206 0 0 -6.2832 2 0
17 -2.8000 277.5218 100.2121 0 0 -6.2832 2 0
24 -2.8000 266.9218 120.2206 0 0 -6.2832 2 0
24 -2.8000 277.5218 120.2121 0 0 -6.2832 2 0
17 -2.8000 258.1993 149.8445 0 0 -7.4613 2 0
17 -2.8000 262.2635 159.6344 0 0 -7.4613 2 0
18 -2.8000 220.4908 161.9779 0 0 -7.8540 2 0
19 -2.8000 200.4822 151.1779 0 0 10.9956 2 0
24 -2.8000 200.4908 161.9779 0 0 -7.8540 2 0
18 -2.8000 180.4908 161.9779 0 0 -7.8540 2 0
18 -2.8000 160.4824 151.3779 0 0 -7.8540 2 0
18 -2.8000 160.4908 161.9779 0 0 -7.8540 2 0
24 -2.8000 140.4824 151.3778 0 0 -7.8540 2 0
18 -2.8000 140.4908 161.9778 0 0 -7.8540 2 0
17 -2.8000 120.4824 151.3778 0 0 -7.8540 2 0
20 -2.8000 120.4910 162.1778 0 0 7.8540 2 0
17 -2.8000 100.4824 151.3778 0 0 -7.8540 2 0
24 -2.8000 100.4908 161.9778 0 0 -7.8540 2 0
18 -2.8000 80.4824 151.3778 0 0 -7.8540 2 0
18 -2.8000 80.4908 161.9778 0 0 -7.8540 2 0
19 -2.8000 60.4822 151.1778 0 0 10.9956 2 0
24 -2.8000 40.4824 151.3778 0 0 -7.8540 2 0
17 -2.8000 40.4908 161.9778 0 0 -7.8540 2 0
24 -2.8000 20.4824 151.3778 0 0 -7.8540 2 0
20 -2.8000 0.4822 151.1778 0 0 10.9956 2 0
18 -2.8000 0.4908 161.9778 0 0 -7.8540 2 0
18 -2.8000 -19.5176 151.3778 0 0 -7.8540 2 0
19 -2.8000 -19.5090 162.1778 0 0 7.8540 2 0
24 -2.8000 -39.5176 151.3778 0 0 -7.8540 2 0
17 -2.8000 -39.5092 161.9778 0 0 -7.8540 2 0
18 -2.8000 -59.5176 151.3778 0 0 -7.8540 2 0
24 -2.8000 -59.5092 161.9778 0 0 -7.8540 2 0
24 -2.8000 -79.5176 151.3778 0 0 -7.8540 2 0
18 -2.8000 -79.5092 161.9778 0 0 -7.8540 2 0
24 -2.8000 -99.5176 151.3778 0 0 -7.8540 2 0
24 -2.8000 -99.5092 161.9778 0 0 -7.8540 2 0
17 -2.8000 -119.5176 151.3778 0 0 -7.8540 2 0
17 -2.8000 -139.5176 151.3777 0 0 -7.8540 2 0
24 -2.8000 -139.5092 161.9777 0 0 -7.8540 2 0
18 -2.8000 -159.5176 151.3777 0 0 -7.8540 2 0
19 -2.8000 -159.5090 162.1777 0 0 7.8540 2 0
24 -2.8000 -179.5176 151.3777 0 0 -7.8540 2 0
24 -2.8000 -179.5092 161.9777 0 0 -7.8540 2 0
24 -2.8000 -199.5176 151.3777 0 0 -7.8540 2 0
19 -2.8000 -199.5090 162.1777 0 0 7.8540 2 0
24 -2.8000 -219.5092 161.9777 0 0 -7.8540 2 0
18 -2.8000 -241.2903 153.7211 0 0 -7.4613 2 0
24 -2.8000 -257.9377 170.3728 0 0 -6.6759 2 0
24 -2.8000 -248.1413 174.4215 0 0 -6.6759 2 0
17 -2.8000 -260.2779 192.1461 0 0 -6.2832 2 0
18 -2.8000 -242.2414 210.1742 0 0 -4.7124 2 0
17 -2.8000 -242.2498 199.5742 0 0 -4.7124 2 0
24 -2.8000 -222.2498 199.5742 0 0 -4.7124 2 0
24 -2.8000 -195.8104 241.3398 0 0 -6.2832 2 0
20 -2.8000 -185.0104 241.3312 0 0 6.2832 2 0
17 -2.8000 -195.8104 261.3398 0 0 -6.2832 2 0
17 -2.2000 -185.2104 281.3313 0 0 -6.2832 2 0
24 -0.6000 -195.8104 301.3398 0 0 -6.2832 2 0
18 -0.6000 -185.2104 301.3313 0 0 -6.2832 2 0
17 1.0000 -195.8104 321.3398 0 0 -6.2832 2 0
18 1.0000 -185.2104 321.3313 0 0 -6.2832 2 0
19 1.2000 -185.0104 341.3312 0 0 6.2832 2 0
17 1.2000 -195.8104 361.3398 0 0 -6.2832 2 0
24 1.2000 -185.2104 361.3313 0 0 -6.2832 2 0
18 1.2000 -197.3469 379.0560 0 0 -6.6759 2 0
24 1.2000 -204.1977 399.7566 0 0 -7.4613 2 0
18 1.2000 -225.9788 391.5001 0 0 -7.8540 2 0
20 1.2000 -225.9702 402.3001 0 0 7.8540 2 0
17 1.2000 -245.9788 391.5001 0 0 -7.8540 2 0
20 1.2000 -245.9702 402.3001 0 0 7.8540 2 0
18 1.2000 -263.6951 389.9636 0 0 -8.2467 2 0
17 1.2000 -267.7437 399.7599 0 0 -8.2467 2 0
19 1.2000 -274.4210 378.9718 0 0 12.1737 2 0
18 1.2000 -276.1391 361.3316 0 0 -9.4248 2 0
18 1.2000 -276.1391 341.3316 0 0 -9.4248 2 0
24 1.2000 -276.1391 321.3316 0 0 -9.4248 2 0
24 1.2000 -286.7391 321.3401 0 0 -9.4248 2 0
19 1.2000 -275.9391 301.3315 0 0 12.5664 2 0
18 1.2000 -286.7391 301.3401 0 0 -9.4248 2 0
18 1.2000 -276.1391 281.3316 0 0 -9.4248 2 0
17 1.2000 -286.7391 281.3401 0 0 -9.4248 2 0
24 1.2000 -286.7391 261.3401 0 0 -9.4248 2 0
17 1.2000 -276.1390 201.3316 0 0 -9.4248 2 0
24 1.2000 -286.7390 201.3401 0 0 -9.4248 2 0
17 1.2000 -276.1390 181.3316 0 0 -9.4248 2 0
24 1.2000 -286.7390 161.3401 0 0 -9.4248 2 0
18 1.2000 -276.1390 141.3316 0 0 -9.4248 2 0
24 1.2000 -286.7390 141.3401 0 0 -9.4248 2 0
24 1.2000 -276.1390 121.3316 0 0 -9.4248 2 0
17 1.2000 -286.7390 121.3401 0 0 -9.4248 2 0
20 1.2000 -273.8176 86.2187 0 0 13.3518 2 0
18 1.2000 -281.4604 78.5881 0 0 -10.2102 2 0
24 1.2000 -258.7025 83.9035 0 0 -10.9956 2 0
24 1.2000 -258.7109 73.3035 0 0 -10.9956 2 0
17 1.2000 -238.7025 83.9035 0 0 -10.9956 2 0
24 1.2000 -238.7109 73.3035 0 0 -10.9956 2 0
24 1.2000 -218.7109 73.3036 0 0 -10.9956 2 0
18 1.2000 -198.7025 83.9036 0 0 -10.9956 2 0
19 1.2000 -198.7111 73.1036 0 0 10.9956 2 0
