ambient 0.5
headlight 0.2
directional 0.6
lightdir -1.0 -1.0 1.0
background 210 200 185
clfactors 1.0 1.0 1.0
objtypes 37
data/steer.geo data/steer.col data/noref.ref data/nocl.cld
data/speed.geo data/speed.col data/noref.ref data/nocl.cld
data/dmod.geo data/dmod.col data/noref.ref data/nocl.cld
data/roads.geo data/road.col data/roads.ref data/road.cld
data/roadlw.geo data/road.col data/roadlw.ref data/road.cld
data/roadln.geo data/road.col data/roadln.ref data/road.cld
data/roadrw.geo data/road.col data/roadrw.ref data/road.cld
data/roadrn.geo data/road.col data/roadrn.ref data/road.cld
data/road25.geo data/road.col data/road25.ref data/road.cld
data/road50.geo data/road.col data/road50.ref data/road.cld
data/road75.geo data/road.col data/road75.ref data/road.cld
data/tunnb.geo data/tunnb.col data/tunn.ref data/tunnb.cld
data/tunn.geo data/tunn.col data/tunn.ref data/tunn.cld
data/bridgec.geo data/bridgec.col data/bridgstr.ref data/bridgec.cld
data/bridges.geo data/bridges.col data/bridges.ref data/nocl.cld
data/start.geo data/start.col data/start.ref data/nocl.cld
data/tree1.geo data/tree1.col data/tree.ref data/tree.cld
data/tree8.geo data/tree8.col data/tree.ref data/tree.cld
data/house1.geo data/house1.col data/house1.ref data/house1.cld
data/house2.geo data/house2.col data/house2.ref data/house2.cld
data/trs.geo data/trs.col data/trs.ref data/trs.cld
data/wind.geo data/wind.col data/wind.ref data/wind.cld
data/prop.geo data/prop.col data/noref.ref data/nocl.cld
data/tree3.geo data/tree3.col data/tree.ref data/tree.cld
data/glider.geo data/glider.col data/noref.ref data/nocl.cld
data/bridgescl.geo data/bridges.col data/bridgec.ref data/nocl.cld
data/loop4r.geo data/loopblue.col data/loop4r.ref data/loop4r.cld
data/loop2r.geo data/loopgreen.col data/loop2r.ref data/loop2r.cld
data/loop1r.geo data/loopred.col data/loop1r.ref data/loop1r.cld
data/loop4l.geo data/loopblue.col data/loop4l.ref data/loop4l.cld
data/loop2l.geo data/loopgreen.col data/loop2l.ref data/loop2l.cld
data/loop1l.geo data/loopred.col data/loop1l.ref data/loop1l.cld
data/ground.geo data/ground.col data/noref.ref data/nocl.cld
data/corkr.geo data/cork.col data/corkr.ref data/corkr.cld
data/road11.geo data/road.col data/road11.ref data/road.cld
data/road12.geo data/road.col data/road12.ref data/road.cld
data/roadhill.geo data/roadhill.col data/roads.ref data/roadhill.cld
objects 501
33  -9.5  0.0  0.0  0.0  0.0  0.0  2  0
16 -1.2000 0.0000 20.0000 0 0 0.0000 2 0
21 -1.2000 0.0000 0.0000 0 0 3.1416 5 0
4 -1.2000 0.0000 0.0000 0 0 -0.0000 1 0
4 -1.2000 0.0000 10.0000 0 0 -0.0000 1 0
4 -1.2000 0.0000 20.0000 0 0 -0.0000 1 0
9 -2.0000 0.0000 40.0000 0 0 3.1416 1 0
9 -2.8000 0.0000 50.0000 0 0 3.1416 1 0
9 -3.6000 0.0000 60.0000 0 0 3.1416 1 0
9 -4.4000 0.0000 70.0000 0 0 3.1416 1 0
9 -5.2000 0.0000 80.0000 0 0 3.1416 1 0
9 -6.0000 0.0000 90.0000 0 0 3.1416 1 0
4 -6.0000 0.0000 90.0000 0 0 -0.0000 1 0
4 -6.0000 0.0000 100.0000 0 0 -0.0000 1 0
4 -6.0000 0.0000 110.0000 0 0 -0.0000 1 0
5 -6.0000 0.0000 120.0000 0 0 -0.0000 1 0
6 -6.0000 -1.9383 129.7448 0 0 0.3927 1 0
5 -6.0000 -8.8290 136.6355 0 0 1.1781 1 0
5 -6.0000 -18.5737 138.5739 0 0 1.5708 1 0
4 -6.0000 -28.3185 136.6356 0 0 1.9635 1 0
4 -6.0000 -37.5573 132.8088 0 0 1.9635 1 0
12 -6.0000 -46.7961 128.9819 0 0 1.9635 1 0
13 -6.0000 -56.0349 125.1551 0 0 1.9635 1 0
13 -6.0000 -65.2737 121.3283 0 0 1.9635 1 0
12 -6.0000 -83.7513 113.6746 0 0 5.1051 1 0
4 -6.0000 -83.7513 113.6746 0 0 1.9635 1 0
4 -6.0000 -92.9901 109.8477 0 0 1.9635 1 0
7 -6.0000 -102.2289 106.0209 0 0 1.9635 1 0
7 -6.0000 -111.9737 104.0825 0 0 1.5708 1 0
7 -6.0000 -121.7185 106.0208 0 0 1.1781 1 0
4 -6.0000 -129.9797 111.5407 0 0 0.7854 1 0
4 -6.0000 -137.0508 118.6118 0 0 0.7854 1 0
4 -6.0000 -144.1219 125.6829 0 0 0.7854 1 0
4 -6.0000 -151.1930 132.7539 0 0 0.7854 1 0
4 -6.0000 -158.2640 139.8250 0 0 0.7854 1 0
4 -6.0000 -165.3351 146.8961 0 0 0.7854 1 0
4 -6.0000 -172.4062 153.9671 0 0 0.7854 1 0
8 -6.0000 -179.4772 161.0382 0 0 0.7854 1 0
8 -6.0000 -183.2064 170.0413 0 0 0.0000 1 0
8 -6.0000 -179.4772 179.0444 0 0 -0.7854 1 0
4 -6.0000 -170.4741 182.7736 0 0 -1.5708 1 0
9 -6.0000 -160.4741 182.7736 0 0 -1.5708 1 0
10 -5.2000 -150.4741 182.7736 0 0 -1.5708 1 0
11 -3.6000 -140.4741 182.7736 0 0 -1.5708 1 0
11 -1.2000 -130.4741 182.7736 0 0 -1.5708 1 0
10 1.2000 -120.4741 182.7736 0 0 -1.5708 1 0
9 2.8000 -110.4741 182.7736 0 0 -1.5708 1 0
4 3.6000 -100.4741 182.7736 0 0 -1.5708 1 0
4 3.6000 -90.4741 182.7736 0 0 -1.5708 1 0
4 3.6000 -80.4741 182.7736 0 0 -1.5708 1 0
5 3.6000 -70.4741 182.7736 0 0 -1.5708 1 0
5 3.6000 -60.7293 184.7119 0 0 -1.1781 1 0
5 3.6000 -52.4681 190.2318 0 0 -0.7854 1 0
5 3.6000 -46.9480 198.4930 0 0 -0.3927 1 0
5 3.6000 -45.0096 208.2378 0 0 0.0000 1 0
5 3.6000 -46.9479 217.9826 0 0 0.3927 1 0
5 3.6000 -52.4679 226.2439 0 0 0.7854 1 0
5 3.6000 -60.7291 231.7639 0 0 1.1781 1 0
4 3.6000 -70.4738 233.7023 0 0 1.5708 1 0
4 3.6000 -80.4738 233.7023 0 0 1.5708 1 0
9 2.8000 -100.4738 233.7023 0 0 4.7124 1 0
10 1.2000 -110.4738 233.7023 0 0 4.7124 1 0
11 -1.2000 -120.4738 233.7023 0 0 4.7124 1 0
11 -3.6000 -130.4738 233.7023 0 0 4.7124 1 0
11 -6.0000 -140.4738 233.7023 0 0 4.7124 1 0
10 -7.6000 -150.4738 233.7023 0 0 4.7124 1 0
9 -8.4000 -160.4738 233.7023 0 0 4.7124 1 0
4 -8.4000 -160.4738 233.7023 0 0 1.5708 1 0
4 -8.4000 -170.4738 233.7023 0 0 1.5708 1 0
4 -8.4000 -180.4738 233.7023 0 0 1.5708 1 0
5 -8.4000 -190.4738 233.7023 0 0 1.5708 1 0
5 -8.4000 -200.2186 231.7640 0 0 1.9635 1 0
4 -8.4000 -208.4799 226.2441 0 0 2.3562 1 0
4 -8.4000 -215.5510 219.1730 0 0 2.3562 1 0
4 -8.4000 -222.6220 212.1019 0 0 2.3562 1 0
4 -8.4000 -229.6931 205.0309 0 0 2.3562 1 0
4 -8.4000 -236.7642 197.9598 0 0 2.3562 1 0
4 -8.4000 -243.8352 190.8887 0 0 2.3562 1 0
4 -8.4000 -250.9063 183.8177 0 0 2.3562 1 0
4 -8.4000 -257.9774 176.7466 0 0 2.3562 1 0
4 -8.4000 -265.0484 169.6755 0 0 2.3562 1 0
4 -8.4000 -272.1195 162.6045 0 0 2.3562 1 0
6 -8.4000 -279.1906 155.5334 0 0 2.3562 1 0
4 -8.4000 -282.9198 146.5303 0 0 3.1416 1 0
4 -8.4000 -282.9198 136.5303 0 0 3.1416 1 0
9 -8.4000 -282.9198 126.5303 0 0 3.1416 1 0
9 -8.4000 -282.9198 106.5303 0 0 6.2832 1 0
9 -8.4000 -282.9198 106.5303 0 0 3.1416 1 0
9 -8.4000 -282.9198 86.5303 0 0 6.2832 1 0
9 -8.4000 -282.9198 86.5303 0 0 3.1416 1 0
9 -8.4000 -282.9198 66.5303 0 0 6.2832 1 0
9 -9.2000 -282.9198 56.5303 0 0 6.2832 1 0
4 -9.2000 -282.9198 56.5303 0 0 3.1416 1 0
4 -9.2000 -282.9198 46.5303 0 0 3.1416 1 0
4 -9.2000 -282.9198 36.5303 0 0 3.1416 1 0
4 -9.2000 -282.9198 26.5303 0 0 3.1416 1 0
5 -9.2000 -282.9198 16.5303 0 0 3.1416 1 0
5 -9.2000 -280.9815 6.7855 0 0 3.5343 1 0
5 -9.2000 -275.4615 -1.4758 0 0 3.9270 1 0
5 -9.2000 -267.2003 -6.9958 0 0 4.3197 1 0
5 -9.2000 -257.4555 -8.9342 0 0 4.7124 1 0
5 -9.2000 -247.7107 -6.9959 0 0 5.1051 1 0
4 -9.2000 -239.4495 -1.4760 0 0 5.4978 1 0
4 -9.2000 -232.3784 5.5951 0 0 5.4978 1 0
4 -9.2000 -225.3074 12.6662 0 0 5.4978 1 0
4 -9.2000 -218.2363 19.7372 0 0 5.4978 1 0
4 -9.2000 -211.1652 26.8083 0 0 5.4978 1 0
4 -9.2000 -204.0942 33.8794 0 0 5.4978 1 0
7 -9.2000 -197.0231 40.9504 0 0 5.4978 1 0
7 -9.2000 -188.7619 46.4705 0 0 5.1051 1 0
7 -9.2000 -179.0171 48.4089 0 0 4.7124 1 0
4 -9.2000 -169.2723 46.4706 0 0 4.3197 1 0
4 -9.2000 -160.0335 42.6438 0 0 4.3197 1 0
4 -9.2000 -150.7947 38.8169 0 0 4.3197 1 0
8 -9.2000 -141.5559 34.9901 0 0 4.3197 1 0
6 -9.2000 -134.6652 28.0994 0 0 3.5343 1 0
6 -9.2000 -127.7746 21.2087 0 0 4.3197 1 0
6 -9.2000 -118.0297 21.2087 0 0 5.1051 1 0
4 -9.2000 -111.1390 28.0994 0 0 5.8905 1 0
4 -9.2000 -107.3122 37.3382 0 0 5.8905 1 0
8 -9.2000 -103.4854 46.5770 0 0 5.8905 1 0
8 -9.2000 -96.5947 53.4677 0 0 5.1051 1 0
4 -9.2000 -86.8498 53.4677 0 0 4.3197 1 0
4 -9.2000 -77.6110 49.6409 0 0 4.3197 1 0
8 -9.2000 -68.3722 45.8140 0 0 4.3197 1 0
8 -9.2000 -61.4815 38.9234 0 0 3.5343 1 0
4 -9.2000 -61.4815 29.1785 0 0 2.7489 1 0
4 -9.2000 -65.3084 19.9397 0 0 2.7489 1 0
4 -9.2000 -69.1352 10.7009 0 0 2.7489 1 0
4 -9.2000 -72.9620 1.4621 0 0 2.7489 1 0
4 -9.2000 -76.7889 -7.7767 0 0 2.7489 1 0
4 -9.2000 -80.6157 -17.0155 0 0 2.7489 1 0
5 -9.2000 -84.4425 -26.2543 0 0 2.7489 1 0
5 -9.2000 -86.3809 -35.9991 0 0 3.1416 1 0
5 -9.2000 -84.4426 -45.7439 0 0 3.5343 1 0
5 -9.2000 -78.9227 -54.0051 0 0 3.9270 1 0
5 -9.2000 -70.6615 -59.5252 0 0 4.3197 1 0
5 -9.2000 -60.9167 -61.4636 0 0 4.7124 1 0
5 -9.2000 -51.1719 -59.5253 0 0 5.1051 1 0
4 -9.2000 -42.9107 -54.0054 0 0 5.4978 1 0
4 -9.2000 -35.8396 -46.9343 0 0 5.4978 1 0
7 -9.2000 -28.7685 -39.8632 0 0 5.4978 1 0
7 -9.2000 -20.5073 -34.3432 0 0 5.1051 1 0
12 -9.2000 -10.7626 -32.4048 0 0 4.7124 1 0
13 -9.2000 -0.7626 -32.4048 0 0 4.7124 1 0
13 -9.2000 9.2374 -32.4048 0 0 4.7124 1 0
12 -9.2000 29.2374 -32.4048 0 0 7.8540 1 0
4 -9.2000 29.2374 -32.4048 0 0 4.7124 1 0
5 -9.2000 39.2374 -32.4048 0 0 4.7124 1 0
5 -9.2000 48.9822 -30.4664 0 0 5.1051 1 0
6 -9.2000 57.2435 -24.9465 0 0 5.4978 1 0
4 -9.2000 60.9727 -15.9434 0 0 6.2832 1 0
4 -9.2000 60.9727 -5.9434 0 0 6.2832 1 0
4 -9.2000 60.9727 4.0566 0 0 6.2832 1 0
4 -9.2000 60.9727 14.0566 0 0 6.2832 1 0
12 -9.2000 60.9727 24.0566 0 0 6.2832 1 0
13 -9.2000 60.9727 34.0566 0 0 6.2832 1 0
12 -9.2000 60.9727 54.0566 0 0 9.4248 1 0
4 -9.2000 60.9727 54.0566 0 0 6.2832 1 0
4 -9.2000 60.9727 64.0566 0 0 6.2832 1 0
4 -9.2000 60.9727 74.0566 0 0 6.2832 1 0
4 -9.2000 60.9727 84.0566 0 0 6.2832 1 0
4 -9.2000 60.9727 94.0566 0 0 6.2832 1 0
4 -9.2000 60.9727 104.0566 0 0 6.2832 1 0
4 -9.2000 60.9727 114.0566 0 0 6.2832 1 0
4 -9.2000 60.9727 124.0566 0 0 6.2832 1 0
5 -9.2000 60.9727 134.0566 0 0 6.2832 1 0
5 -9.2000 59.0344 143.8014 0 0 6.6759 1 0
4 -9.2000 53.5144 152.0626 0 0 7.0686 1 0
4 -9.2000 46.4434 159.1337 0 0 7.0686 1 0
4 -9.2000 39.3723 166.2048 0 0 7.0686 1 0
4 -9.2000 32.3012 173.2758 0 0 7.0686 1 0
7 -9.2000 25.2301 180.3469 0 0 7.0686 1 0
7 -9.2000 19.7101 188.6081 0 0 6.6759 1 0
7 -9.2000 17.7717 198.3529 0 0 6.2832 1 0
7 -9.2000 19.7100 208.0977 0 0 5.8905 1 0
7 -9.2000 25.2299 216.3589 0 0 5.4978 1 0
4 -9.2000 33.4911 221.8790 0 0 5.1051 1 0
4 -9.2000 42.7299 225.7058 0 0 5.1051 1 0
4 -9.2000 51.9687 229.5326 0 0 5.1051 1 0
7 -9.2000 61.2075 233.3595 0 0 5.1051 1 0
4 -9.2000 70.9523 235.2979 0 0 4.7124 1 0
4 -9.2000 80.9523 235.2979 0 0 4.7124 1 0
7 -9.2000 90.9523 235.2979 0 0 4.7124 1 0
7 -9.2000 100.6971 233.3596 0 0 4.3197 1 0
4 -9.2000 108.9583 227.8397 0 0 3.9270 1 0
7 -9.2000 116.0294 220.7686 0 0 3.9270 1 0
4 -9.2000 121.5494 212.5074 0 0 3.5343 1 0
7 -9.2000 125.3763 203.2686 0 0 3.5343 1 0
4 -9.2000 127.3147 193.5238 0 0 3.1416 1 0
4 -9.2000 127.3147 183.5238 0 0 3.1416 1 0
4 -9.2000 127.3147 173.5238 0 0 3.1416 1 0
4 -9.2000 127.3147 163.5238 0 0 3.1416 1 0
4 -9.2000 127.3147 153.5238 0 0 3.1416 1 0
4 -9.2000 127.3147 143.5238 0 0 3.1416 1 0
12 -9.2000 127.3147 133.5238 0 0 3.1416 1 0
13 -9.2000 127.3147 123.5238 0 0 3.1416 1 0
13 -9.2000 127.3147 113.5238 0 0 3.1416 1 0
13 -9.2000 127.3147 103.5238 0 0 3.1416 1 0
13 -9.2000 127.3147 93.5238 0 0 3.1416 1 0
13 -9.2000 127.3147 83.5238 0 0 3.1416 1 0
13 -9.2000 127.3147 73.5238 0 0 3.1416 1 0
13 -9.2000 127.3147 63.5238 0 0 3.1416 1 0
13 -9.2000 127.3147 53.5238 0 0 3.1416 1 0
13 -9.2000 127.3147 43.5238 0 0 3.1416 1 0
13 -9.2000 127.3147 33.5238 0 0 3.1416 1 0
12 -9.2000 127.3147 13.5238 0 0 6.2832 1 0
4 -9.2000 127.3147 13.5238 0 0 3.1416 1 0
4 -9.2000 127.3147 3.5238 0 0 3.1416 1 0
11 -9.2000 127.3147 -6.4762 0 0 3.1416 1 0
11 -6.8000 127.3147 -16.4762 0 0 3.1416 1 0
4 -4.4000 127.3147 -26.4762 0 0 3.1416 1 0
4 -4.4000 127.3147 -36.4762 0 0 3.1416 1 0
4 -4.4000 127.3147 -46.4762 0 0 3.1416 1 0
4 -4.4000 127.3147 -56.4762 0 0 3.1416 1 0
5 -4.4000 127.3147 -66.4762 0 0 3.1416 1 0
7 -4.4000 129.2530 -76.2210 0 0 3.5343 1 0
7 -4.4000 131.1915 -85.9657 0 0 3.1416 1 0
7 -4.4000 129.2532 -95.7105 0 0 2.7489 1 0
7 -4.4000 123.7332 -103.9718 0 0 2.3562 1 0
4 -4.4000 115.4720 -109.4918 0 0 1.9635 1 0
4 -4.4000 106.2332 -113.3187 0 0 1.9635 1 0
4 -4.4000 96.9944 -117.1455 0 0 1.9635 1 0
4 -4.4000 87.7556 -120.9723 0 0 1.9635 1 0
4 -4.4000 78.5169 -124.7992 0 0 1.9635 1 0
4 -4.4000 69.2781 -128.6260 0 0 1.9635 1 0
4 -4.4000 60.0393 -132.4528 0 0 1.9635 1 0
4 -4.4000 50.8005 -136.2797 0 0 1.9635 1 0
4 -4.4000 41.5617 -140.1065 0 0 1.9635 1 0
4 -4.4000 32.3229 -143.9333 0 0 1.9635 1 0
4 -4.4000 23.0841 -147.7602 0 0 1.9635 1 0
4 -4.4000 13.8453 -151.5870 0 0 1.9635 1 0
7 -4.4000 4.6065 -155.4138 0 0 1.9635 1 0
4 -4.4000 -5.1383 -157.3523 0 0 1.5708 1 0
4 -4.4000 -15.1383 -157.3523 0 0 1.5708 1 0
7 -4.4000 -25.1383 -157.3523 0 0 1.5708 1 0
7 -4.4000 -34.8831 -155.4140 0 0 1.1781 1 0
7 -4.4000 -43.1443 -149.8940 0 0 0.7854 1 0
4 -4.4000 -48.6644 -141.6328 0 0 0.3927 1 0
4 -4.4000 -52.4912 -132.3940 0 0 0.3927 1 0
4 -4.4000 -56.3180 -123.1552 0 0 0.3927 1 0
6 -4.4000 -60.1449 -113.9165 0 0 0.3927 1 0
6 -4.4000 -67.0356 -107.0258 0 0 1.1781 1 0
4 -4.4000 -76.7804 -107.0258 0 0 1.9635 1 0
4 -4.4000 -86.0192 -110.8526 0 0 1.9635 1 0
4 -4.4000 -95.2580 -114.6794 0 0 1.9635 1 0
4 -4.4000 -104.4968 -118.5063 0 0 1.9635 1 0
8 -4.4000 -113.7356 -122.3331 0 0 1.9635 1 0
8 -4.4000 -123.4805 -122.3331 0 0 1.1781 1 0
4 -4.4000 -130.3712 -115.4424 0 0 0.3927 1 0
4 -4.4000 -134.1980 -106.2037 0 0 0.3927 1 0
4 -4.4000 -138.0248 -96.9649 0 0 0.3927 1 0
4 -4.4000 -141.8517 -87.7261 0 0 0.3927 1 0
4 -4.4000 -145.6785 -78.4873 0 0 0.3927 1 0
4 -4.4000 -149.5053 -69.2485 0 0 0.3927 1 0
5 -4.4000 -153.3322 -60.0097 0 0 0.3927 1 0
5 -4.4000 -158.8521 -51.7484 0 0 0.7854 1 0
5 -4.4000 -167.1133 -46.2284 0 0 1.1781 1 0
4 -4.4000 -176.8581 -44.2900 0 0 1.5708 1 0
5 -4.4000 -186.8581 -44.2900 0 0 1.5708 1 0
4 -4.4000 -196.6029 -46.2283 0 0 1.9635 1 0
9 -4.4000 -205.8417 -50.0551 0 0 1.9635 1 0
9 -3.6000 -215.0805 -53.8819 0 0 1.9635 1 0
9 -2.8000 -224.3193 -57.7088 0 0 1.9635 1 0
4 -2.0000 -233.5581 -61.5356 0 0 1.9635 1 0
4 -2.0000 -242.7969 -65.3624 0 0 1.9635 1 0
4 -2.0000 -252.0357 -69.1893 0 0 1.9635 1 0
4 -2.0000 -261.2745 -73.0161 0 0 1.9635 1 0
6 -2.0000 -270.5132 -76.8429 0 0 1.9635 1 0
6 -2.0000 -277.4039 -83.7336 0 0 2.7489 1 0
6 -2.0000 -277.4039 -93.4785 0 0 3.5343 1 0
4 -2.0000 -270.5133 -100.3692 0 0 4.3197 1 0
4 -2.0000 -261.2745 -104.1960 0 0 4.3197 1 0
4 -2.0000 -252.0357 -108.0228 0 0 4.3197 1 0
4 -2.0000 -242.7969 -111.8497 0 0 4.3197 1 0
4 -2.0000 -233.5581 -115.6765 0 0 4.3197 1 0
4 -2.0000 -224.3193 -119.5033 0 0 4.3197 1 0
7 -2.0000 -215.0805 -123.3302 0 0 4.3197 1 0
7 -2.0000 -206.8192 -128.8501 0 0 3.9270 1 0
4 -2.0000 -201.2992 -137.1113 0 0 3.5343 1 0
4 -2.0000 -197.4723 -146.3501 0 0 3.5343 1 0
5 -2.0000 -193.6455 -155.5889 0 0 3.5343 1 0
5 -2.0000 -188.1256 -163.8502 0 0 3.9270 1 0
4 -2.0000 -179.8644 -169.3702 0 0 4.3197 1 0
4 -2.0000 -170.6256 -173.1970 0 0 4.3197 1 0
4 -2.0000 -161.3868 -177.0238 0 0 4.3197 1 0
9 -2.0000 -152.1480 -180.8507 0 0 4.3197 1 0
9 -1.2000 -142.9092 -184.6775 0 0 4.3197 1 0
9 -0.4000 -133.6704 -188.5043 0 0 4.3197 1 0
10 0.4000 -124.4316 -192.3312 0 0 4.3197 1 0
10 2.0000 -115.1928 -196.1580 0 0 4.3197 1 0
10 3.6000 -105.9540 -199.9848 0 0 4.3197 1 0
10 5.2000 -96.7152 -203.8117 0 0 4.3197 1 0
9 6.8000 -87.4764 -207.6385 0 0 4.3197 1 0
9 7.6000 -78.2376 -211.4653 0 0 4.3197 1 0
4 8.4000 -68.9988 -215.2922 0 0 4.3197 1 0
4 8.4000 -59.7600 -219.1190 0 0 4.3197 1 0
4 8.4000 -50.5212 -222.9458 0 0 4.3197 1 0
4 8.4000 -41.2824 -226.7727 0 0 4.3197 1 0
4 8.4000 -32.0436 -230.5995 0 0 4.3197 1 0
21 8.4000 -22.8048 -234.4263 0 0 4.3197 5 0
16 8.4000 -41.2824 -226.7727 0 0 4.3197 2 0
18 -2.2000 -5.3000 40.0042 0 0 0.0000 2 0
18 -2.2000 5.3000 39.9958 0 0 0.0000 2 0
17 -3.8000 -5.3000 60.0042 0 0 0.0000 2 0
17 -5.4000 -5.3000 80.0042 0 0 0.0000 2 0
24 -5.4000 5.3000 79.9958 0 0 0.0000 2 0
18 -6.2000 -5.3000 100.0042 0 0 0.0000 2 0
17 -6.2000 5.3000 99.9958 0 0 0.0000 2 0
18 -6.0000 -5.3000 120.0042 0 0 0.0000 2 0
24 -6.0000 5.3000 119.9958 0 0 0.0000 2 0
17 -6.0000 -10.8611 131.7405 0 0 -1.1781 2 0
24 -6.0000 -6.7968 141.5304 0 0 -1.1781 2 0
18 -6.0000 -30.3429 141.5338 0 0 -1.9635 2 0
17 -6.0000 -100.2046 101.1227 0 0 -1.9635 2 0
24 -6.0000 -104.2532 110.9191 0 0 -1.9635 2 0
24 -6.0000 -119.6864 110.9157 0 0 -1.1781 2 0
17 -6.0000 -140.8015 114.8671 0 0 -0.7854 2 0
24 -6.0000 -133.3002 122.3565 0 0 -0.7854 2 0
17 -6.0000 -147.4423 136.4986 0 0 -0.7854 2 0
17 -6.0000 -169.0857 143.1514 0 0 -0.7854 2 0
24 -6.0000 -161.5844 150.6407 0 0 -0.7854 2 0
20 -6.0000 -183.3694 157.1522 0 0 3.9270 2 0
24 -6.0000 -175.7266 164.7829 0 0 -0.7854 2 0
17 -6.0000 -183.2219 182.7950 0 0 0.7854 2 0
24 -6.0000 -175.7326 175.2937 0 0 0.7854 2 0
17 -6.2000 -160.4699 188.0736 0 0 1.5708 2 0
24 -6.2000 -160.4784 177.4736 0 0 1.5708 2 0
24 -4.2000 -140.4699 188.0736 0 0 1.5708 2 0
24 0.6000 -120.4699 188.0736 0 0 1.5708 2 0
18 0.6000 -120.4784 177.4736 0 0 1.5708 2 0
17 3.2000 -100.4699 188.0736 0 0 1.5708 2 0
17 3.2000 -100.4784 177.4736 0 0 1.5708 2 0
19 3.6000 -80.4698 188.2736 0 0 1.5708 2 0
18 3.6000 -80.4784 177.4736 0 0 1.5708 2 0
18 3.6000 -58.7050 179.8137 0 0 1.1781 2 0
24 3.6000 -51.8430 200.5251 0 0 0.3927 2 0
17 3.6000 -42.0531 196.4609 0 0 0.3927 2 0
24 3.6000 -51.8461 215.9583 0 0 -0.3927 2 0
20 3.6000 -62.8379 226.6842 0 0 4.3197 2 0
24 3.6000 -58.6969 236.6588 0 0 -1.1781 2 0
19 3.6000 -80.4782 228.2023 0 0 4.7124 2 0
24 3.6000 -80.4696 239.0023 0 0 -1.5708 2 0
17 2.4000 -100.4696 239.0023 0 0 -1.5708 2 0
24 -1.8000 -120.4696 239.0023 0 0 -1.5708 2 0
17 -6.6000 -140.4781 228.4023 0 0 -1.5708 2 0
18 -8.8000 -160.4781 228.4023 0 0 -1.5708 2 0
17 -8.8000 -160.4696 239.0023 0 0 -1.5708 2 0
17 -8.4000 -180.4781 228.4023 0 0 -1.5708 2 0
17 -8.4000 -180.4696 239.0023 0 0 -1.5708 2 0
19 -8.4000 -198.1179 226.6810 0 0 5.1051 2 0
20 -8.4000 -202.3193 236.8470 0 0 1.9635 2 0
24 -8.4000 -219.2956 222.9236 0 0 -2.3562 2 0
20 -8.4000 -225.8071 201.1387 0 0 5.4978 2 0
24 -8.4000 -233.4378 208.7815 0 0 -2.3562 2 0
24 -8.4000 -240.0906 187.1381 0 0 -2.3562 2 0
18 -8.4000 -254.2327 172.9959 0 0 -2.3562 2 0
24 -8.4000 -261.7220 180.4972 0 0 -2.3562 2 0
18 -8.4000 -275.8642 166.3551 0 0 -2.3562 2 0
24 -8.4000 -277.6198 146.5261 0 0 -3.1416 2 0
19 -8.4000 -288.4198 146.5347 0 0 3.1416 2 0
18 -8.6000 -277.6198 126.5261 0 0 -3.1416 2 0
18 -8.6000 -288.2198 126.5345 0 0 -3.1416 2 0
17 -8.6000 -288.2198 106.5345 0 0 -3.1416 2 0
24 -8.6000 -277.6198 86.5261 0 0 -3.1416 2 0
17 -8.6000 -288.2198 86.5345 0 0 -3.1416 2 0
18 -8.6000 -277.6198 66.5261 0 0 -3.1416 2 0
18 -8.6000 -288.2198 66.5345 0 0 -3.1416 2 0
18 -9.4000 -277.6198 46.5261 0 0 -3.1416 2 0
17 -9.2000 -277.6198 26.5261 0 0 -3.1416 2 0
17 -9.2000 -288.2198 26.5345 0 0 -3.1416 2 0
20 -9.2000 -275.8984 8.8862 0 0 6.6759 2 0
20 -9.2000 -286.0645 4.6848 0 0 3.5343 2 0
18 -9.2000 -269.2324 -11.8908 0 0 -4.3197 2 0
18 -9.2000 -249.7351 -2.0977 0 0 -5.1051 2 0
19 -9.2000 -245.6100 -12.0789 0 0 5.1051 2 0
24 -9.2000 -236.1231 9.3457 0 0 -5.4978 2 0
17 -9.2000 -221.9810 23.4879 0 0 -5.4978 2 0
17 -9.2000 -214.4916 15.9866 0 0 -5.4978 2 0
24 -9.2000 -207.8388 37.6300 0 0 -5.4978 2 0
24 -9.2000 -190.7862 51.3686 0 0 -5.1051 2 0
20 -9.2000 -186.6612 41.3874 0 0 5.1051 2 0
19 -9.2000 -167.1635 51.5502 0 0 7.4613 2 0
24 -9.2000 -171.3044 41.5756 0 0 -4.3197 2 0
19 -9.2000 -148.6859 43.8966 0 0 7.4613 2 0
17 -9.2000 -152.8268 33.9220 0 0 -4.3197 2 0
24 -9.2000 -129.7671 30.1237 0 0 -3.5343 2 0
17 -9.2000 -139.5634 26.0751 0 0 -3.5343 2 0
17 -9.2000 -120.0540 26.1069 0 0 -5.1051 2 0
19 -9.2000 -112.3918 39.4470 0 0 9.0321 2 0
19 -9.2000 -94.4940 48.3847 0 0 5.1051 2 0
18 -9.2000 -75.5789 54.5358 0 0 -4.3197 2 0
18 -9.2000 -79.6431 44.7459 0 0 -4.3197 2 0
20 -9.2000 -60.2287 17.8309 0 0 5.8905 2 0
18 -9.2000 -70.2033 21.9718 0 0 -2.7489 2 0
17 -9.2000 -68.0671 -0.5700 0 0 -2.7489 2 0
20 -9.2000 -78.0417 3.5709 0 0 2.7489 2 0
18 -9.2000 -75.7207 -19.0476 0 0 -2.7489 2 0
24 -9.2000 -91.6809 -35.9949 0 0 -3.1416 2 0
24 -9.2000 -75.1721 -50.2605 0 0 -3.9270 2 0
19 -9.2000 -60.9124 -55.9636 0 0 7.8540 2 0
17 -9.2000 -60.9210 -66.7636 0 0 -4.7124 2 0
20 -9.2000 -46.7967 -50.1132 0 0 8.6394 2 0
17 -9.2000 -39.1660 -57.7560 0 0 -5.4978 2 0
24 -9.2000 -25.0239 -43.6139 0 0 -5.4978 2 0
17 -9.2000 46.9579 -25.5683 0 0 -5.1051 2 0
18 -9.2000 51.0066 -35.3646 0 0 -5.1051 2 0
19 -9.2000 55.4727 -15.9390 0 0 9.4248 2 0
18 -9.2000 66.2727 -15.9476 0 0 -6.2832 2 0
20 -9.2000 55.4727 4.0610 0 0 9.4248 2 0
17 -9.2000 66.2727 4.0524 0 0 -6.2832 2 0
20 -9.2000 66.4727 84.0522 0 0 6.2832 2 0
24 -9.2000 66.2727 104.0524 0 0 -6.2832 2 0
24 -9.2000 55.6727 124.0608 0 0 -6.2832 2 0
17 -9.2000 66.2727 124.0524 0 0 -6.2832 2 0
24 -9.2000 54.1362 141.7771 0 0 -6.6759 2 0
24 -9.2000 63.9325 145.8257 0 0 -6.6759 2 0
17 -9.2000 28.5506 169.5312 0 0 -7.0686 2 0
17 -9.2000 36.0519 177.0205 0 0 -7.0686 2 0
18 -9.2000 24.6049 206.0656 0 0 -5.8905 2 0
19 -9.2000 31.3904 226.9620 0 0 8.2467 2 0
24 -9.2000 35.5154 216.9808 0 0 -5.1051 2 0
18 -9.2000 53.9930 224.6345 0 0 -5.1051 2 0
18 -9.2000 70.9565 240.5979 0 0 -4.7124 2 0
18 -9.2000 70.9481 229.9979 0 0 -4.7124 2 0
24 -9.2000 90.9565 240.5979 0 0 -4.7124 2 0
18 -9.2000 90.9481 229.9979 0 0 -4.7124 2 0
17 -9.2000 112.7090 231.5844 0 0 -3.9270 2 0
20 -9.2000 105.0662 223.9537 0 0 3.9270 2 0
17 -9.2000 126.4476 214.5317 0 0 -3.5343 2 0
24 -9.2000 116.6513 210.4831 0 0 -3.5343 2 0
18 -9.2000 132.6147 193.5196 0 0 -3.1416 2 0
18 -9.2000 122.0147 193.5281 0 0 -3.1416 2 0
19 -9.2000 132.8147 173.5195 0 0 6.2832 2 0
24 -9.2000 132.6147 153.5196 0 0 -3.1416 2 0
17 -9.2000 122.0147 153.5281 0 0 -3.1416 2 0
24 -9.8000 132.6147 -6.4804 0 0 -3.1416 2 0
18 -5.0000 132.6147 -26.4804 0 0 -3.1416 2 0
18 -5.0000 122.0147 -26.4719 0 0 -3.1416 2 0
18 -4.4000 132.6147 -46.4804 0 0 -3.1416 2 0
19 -4.4000 121.8147 -46.4718 0 0 3.1416 2 0
24 -4.4000 132.6147 -66.4804 0 0 -3.1416 2 0
17 -4.4000 122.0147 -66.4719 0 0 -3.1416 2 0
18 -4.4000 136.4915 -85.9699 0 0 -3.1416 2 0
24 -4.4000 125.8915 -85.9615 0 0 -3.1416 2 0
24 -4.4000 127.4779 -107.7224 0 0 -2.3562 2 0
18 -4.4000 119.9886 -100.2211 0 0 -2.3562 2 0
24 -4.4000 108.2576 -118.2168 0 0 -1.9635 2 0
24 -4.4000 104.2089 -108.4205 0 0 -1.9635 2 0
17 -4.4000 89.7800 -125.8705 0 0 -1.9635 2 0
17 -4.4000 71.3024 -133.5242 0 0 -1.9635 2 0
24 -4.4000 67.2537 -123.7278 0 0 -1.9635 2 0
18 -4.4000 52.8248 -141.1778 0 0 -1.9635 2 0
19 -4.4000 48.6998 -131.1967 0 0 1.9635 2 0
24 -4.4000 34.3472 -148.8315 0 0 -1.9635 2 0
24 -4.4000 30.2986 -139.0352 0 0 -1.9635 2 0
24 -4.4000 15.8696 -156.4852 0 0 -1.9635 2 0
19 -4.4000 11.7446 -146.5040 0 0 1.9635 2 0
24 -4.4000 -5.1341 -152.0523 0 0 -1.5708 2 0
18 -4.4000 -25.1425 -162.6523 0 0 -1.5708 2 0
24 -4.4000 -46.8950 -153.6387 0 0 -0.7854 2 0
24 -4.4000 -39.3937 -146.1494 0 0 -0.7854 2 0
17 -4.4000 -57.3894 -134.4184 0 0 -0.3927 2 0
18 -4.4000 -65.0431 -115.9408 0 0 -0.3927 2 0
17 -4.4000 -55.2467 -111.8921 0 0 -0.3927 2 0
24 -4.4000 -78.8048 -102.1276 0 0 -1.9635 2 0
24 -4.4000 -135.2693 -117.4668 0 0 -0.3927 2 0
20 -4.4000 -125.2882 -113.3417 0 0 0.3927 2 0
17 -4.4000 -142.9230 -98.9892 0 0 -0.3927 2 0
19 -4.4000 -140.5955 -76.3866 0 0 0.3927 2 0
24 -4.4000 -158.2304 -62.0340 0 0 -0.3927 2 0
18 -4.4000 -148.4340 -57.9854 0 0 -0.3927 2 0
17 -4.4000 -169.1454 -51.1233 0 0 -1.1781 2 0
20 -4.4000 -165.0045 -41.1487 0 0 1.1781 2 0
19 -4.4000 -186.8537 -38.7900 0 0 1.5708 2 0
17 -4.6000 -203.8174 -54.9533 0 0 -1.9635 2 0
24 -4.6000 -207.8660 -45.1569 0 0 -1.9635 2 0
18 -3.0000 -222.2949 -62.6069 0 0 -1.9635 2 0
24 -2.2000 -244.8212 -60.4643 0 0 -1.9635 2 0
18 -2.0000 -259.2501 -77.9143 0 0 -1.9635 2 0
20 -2.0000 -263.3752 -67.9331 0 0 1.9635 2 0
17 -2.0000 -272.5090 -85.7657 0 0 -2.7489 2 0
20 -2.0000 -282.4836 -81.6248 0 0 2.7489 2 0
18 -2.0000 -268.4811 -95.4742 0 0 -4.3197 2 0
17 -2.0000 -272.5454 -105.2641 0 0 -4.3197 2 0
19 -2.0000 -249.9269 -102.9432 0 0 7.4613 2 0
18 -2.0000 -231.5260 -110.7816 0 0 -4.3197 2 0
18 -2.0000 -213.0484 -118.4352 0 0 -4.3197 2 0
24 -2.0000 -196.4010 -135.0870 0 0 -3.5343 2 0
24 -2.0000 -206.1974 -139.1356 0 0 -3.5343 2 0
19 -2.0000 -188.5625 -153.4882 0 0 6.6759 2 0
18 -2.0000 -198.5437 -157.6132 0 0 -3.5343 2 0
18 -2.0000 -177.8323 -164.4752 0 0 -4.3197 2 0
17 -2.0000 -181.8965 -174.2651 0 0 -4.3197 2 0
24 -2.0000 -163.4189 -181.9188 0 0 -4.3197 2 0
17 3.2000 -103.9219 -195.0899 0 0 -4.3197 2 0
24 3.2000 -107.9861 -204.8798 0 0 -4.3197 2 0
17 6.4000 -85.4443 -202.7436 0 0 -4.3197 2 0
24 8.2000 -71.0309 -220.1871 0 0 -4.3197 2 0
18 8.4000 -48.4891 -218.0509 0 0 -4.3197 2 0
24 8.4000 -52.5534 -227.8408 0 0 -4.3197 2 0
