ambient 0.5
headlight 0.2
directional 0.6
lightdir -1.0 -1.0 -1.0
background 170 200 255
clfactors 1.0 1.0 1.0
objtypes 37
data/steer.geo data/steer.col data/noref.ref data/nocl.cld
data/speed.geo data/speed.col data/noref.ref data/nocl.cld
data/dmod.geo data/dmod.col data/noref.ref data/nocl.cld
data/roads.geo data/road.col data/roads.ref data/road.cld
data/roadlw.geo data/road.col data/roadlw.ref data/road.cld
data/roadln.geo data/road.col data/roadln.ref data/road.cld
data/roadrw.geo data/road.col data/roadrw.ref data/road.cld
data/roadrn.geo data/road.col data/roadrn.ref data/road.cld
data/road25.geo data/road.col data/road25.ref data/road.cld
data/road50.geo data/road.col data/road50.ref data/road.cld
data/road75.geo data/road.col data/road75.ref data/road.cld
data/tunnb.geo data/tunnb.col data/tunn.ref data/tunnb.cld
data/tunn.geo data/tunn.col data/tunn.ref data/tunn.cld
data/bridgec.geo data/bridgec.col data/bridgstr.ref data/bridgec.cld
data/bridges.geo data/bridges.col data/bridges.ref data/nocl.cld
data/start.geo data/start.col data/start.ref data/nocl.cld
data/tree1.geo data/tree1.col data/tree.ref data/tree.cld
data/tree2.geo data/tree2.col data/tree.ref data/tree.cld
data/vila2.geo data/vila2.col data/vila2.ref data/vila2.cld
data/vila4.geo data/vila4.col data/vila4.ref data/vila4.cld
data/trs.geo data/trs.col data/trs.ref data/trs.cld
data/wind.geo data/wind.col data/wind.ref data/wind.cld
data/prop.geo data/prop.col data/noref.ref data/nocl.cld
data/tree3.geo data/tree3.col data/tree.ref data/nocl.cld
data/glider.geo data/glider.col data/noref.ref data/nocl.cld
data/bridgescl.geo data/bridges.col data/bridgec.ref data/nocl.cld
data/loop4r.geo data/loopblue.col data/loop4r.ref data/loop4r.cld
data/loop2r.geo data/loopgreen.col data/loop2r.ref data/loop2r.cld
data/loop1r.geo data/loopred.col data/loop1r.ref data/loop1r.cld
data/loop4l.geo data/loopblue.col data/loop4l.ref data/loop4l.cld
data/loop2l.geo data/loopgreen.col data/loop2l.ref data/loop2l.cld
data/loop1l.geo data/loopred.col data/loop1l.ref data/loop1l.cld
data/ground.geo data/ground.col data/noref.ref data/nocl.cld
data/corkr.geo data/cork.col data/corkr.ref data/corkr.cld
data/road11.geo data/road.col data/road11.ref data/road.cld
data/road12.geo data/road.col data/road12.ref data/road.cld
data/roadhill.geo data/roadhill.col data/roads.ref data/roadhill.cld
objects 505
33  -14.0  0.0  0.0  0.0  0.0  0.0  2  0
16 -1.2000 0.0000 20.0000 0 0 0.0000 2 0
21 -1.2000 0.0000 0.0000 0 0 3.1416 5 0
4 -1.2000 0.0000 0.0000 0 0 -0.0000 1 0
4 -1.2000 0.0000 10.0000 0 0 -0.0000 1 0
4 -1.2000 0.0000 20.0000 0 0 -0.0000 1 0
4 -1.2000 0.0000 30.0000 0 0 -0.0000 1 0
8 -1.2000 0.0000 40.0000 0 0 -0.0000 1 0
8 -1.2000 3.7292 49.0031 0 0 -0.7854 1 0
8 -1.2000 12.7323 52.7323 0 0 -1.5708 1 0
8 -1.2000 21.7354 49.0031 0 0 -2.3562 1 0
9 -2.0000 25.4646 30.0000 0 0 -0.0000 1 0
9 -2.8000 25.4646 20.0000 0 0 -0.0000 1 0
6 -2.8000 25.4646 20.0000 0 0 -3.1416 1 0
6 -2.8000 29.1938 10.9969 0 0 -2.3562 1 0
6 -2.8000 38.1969 7.2677 0 0 -1.5708 1 0
6 -2.8000 47.2000 10.9969 0 0 -0.7854 1 0
9 -3.6000 50.9292 30.0000 0 0 3.1416 1 0
9 -4.4000 50.9292 40.0000 0 0 3.1416 1 0
8 -4.4000 50.9292 40.0000 0 0 -0.0000 1 0
8 -4.4000 54.6584 49.0031 0 0 -0.7854 1 0
8 -4.4000 63.6615 52.7323 0 0 -1.5708 1 0
8 -4.4000 72.6646 49.0031 0 0 -2.3562 1 0
9 -5.2000 76.3938 30.0000 0 0 -0.0000 1 0
9 -6.0000 76.3938 20.0000 0 0 -0.0000 1 0
6 -6.0000 76.3938 20.0000 0 0 -3.1416 1 0
6 -6.0000 80.1230 10.9969 0 0 -2.3562 1 0
6 -6.0000 89.1261 7.2677 0 0 -1.5708 1 0
6 -6.0000 98.1292 10.9969 0 0 -0.7854 1 0
7 -6.0000 101.8584 20.0000 0 0 -0.0000 1 0
7 -6.0000 103.7967 29.7448 0 0 -0.3927 1 0
4 -6.0000 109.3166 38.0061 0 0 -0.7854 1 0
4 -6.0000 116.3877 45.0771 0 0 -0.7854 1 0
4 -6.0000 123.4588 52.1482 0 0 -0.7854 1 0
4 -6.0000 130.5298 59.2193 0 0 -0.7854 1 0
4 -6.0000 137.6009 66.2903 0 0 -0.7854 1 0
37 -6.0000 144.6720 73.3614 0 0 -0.7854 1 0
4 -6.0000 151.7431 80.4325 0 0 -0.7854 1 0
4 -6.0000 158.8141 87.5035 0 0 -0.7854 1 0
4 -6.0000 165.8852 94.5746 0 0 -0.7854 1 0
4 -6.0000 172.9563 101.6457 0 0 -0.7854 1 0
4 -6.0000 180.0273 108.7167 0 0 -0.7854 1 0
4 -6.0000 187.0984 115.7878 0 0 -0.7854 1 0
4 -6.0000 194.1695 122.8589 0 0 -0.7854 1 0
4 -6.0000 201.2405 129.9299 0 0 -0.7854 1 0
4 -6.0000 208.3116 137.0010 0 0 -0.7854 1 0
4 -6.0000 215.3827 144.0721 0 0 -0.7854 1 0
4 -6.0000 222.4537 151.1431 0 0 -0.7854 1 0
4 -6.0000 229.5248 158.2142 0 0 -0.7854 1 0
4 -6.0000 236.5959 165.2853 0 0 -0.7854 1 0
4 -6.0000 243.6669 172.3563 0 0 -0.7854 1 0
5 -6.0000 250.7380 179.4274 0 0 -0.7854 1 0
5 -6.0000 256.2580 187.6886 0 0 -0.3927 1 0
5 -6.0000 258.1965 197.4334 0 0 -0.0000 1 0
5 -6.0000 256.2582 207.1782 0 0 0.3927 1 0
4 -6.0000 250.7382 215.4395 0 0 0.7854 1 0
4 -6.0000 243.6672 222.5105 0 0 0.7854 1 0
4 -6.0000 236.5961 229.5816 0 0 0.7854 1 0
4 -6.0000 229.5250 236.6527 0 0 0.7854 1 0
4 -6.0000 222.4540 243.7237 0 0 0.7854 1 0
4 -6.0000 215.3829 250.7948 0 0 0.7854 1 0
37 -6.0000 208.3118 257.8659 0 0 0.7854 1 0
4 -6.0000 201.2407 264.9369 0 0 0.7854 1 0
4 -6.0000 194.1697 272.0080 0 0 0.7854 1 0
4 -6.0000 187.0986 279.0791 0 0 0.7854 1 0
4 -6.0000 180.0275 286.1501 0 0 0.7854 1 0
4 -6.0000 172.9565 293.2212 0 0 0.7854 1 0
6 -6.0000 165.8854 300.2923 0 0 0.7854 1 0
6 -6.0000 156.8823 304.0215 0 0 1.5708 1 0
4 -6.0000 147.8792 300.2923 0 0 2.3562 1 0
4 -6.0000 140.8081 293.2212 0 0 2.3562 1 0
4 -6.0000 133.7371 286.1501 0 0 2.3562 1 0
4 -6.0000 126.6660 279.0791 0 0 2.3562 1 0
4 -6.0000 119.5949 272.0080 0 0 2.3562 1 0
6 -6.0000 112.5239 264.9369 0 0 2.3562 1 0
6 -6.0000 108.7947 255.9338 0 0 3.1416 1 0
4 -6.0000 112.5239 246.9307 0 0 3.9270 1 0
4 -6.0000 119.5949 239.8597 0 0 3.9270 1 0
4 -6.0000 126.6660 232.7886 0 0 3.9270 1 0
4 -6.0000 133.7371 225.7175 0 0 3.9270 1 0
4 -6.0000 140.8081 218.6465 0 0 3.9270 1 0
4 -6.0000 147.8792 211.5754 0 0 3.9270 1 0
4 -6.0000 154.9503 204.5043 0 0 3.9270 1 0
4 -6.0000 162.0214 197.4333 0 0 3.9270 1 0
4 -6.0000 169.0924 190.3622 0 0 3.9270 1 0
14 -6.0000 176.1635 183.2911 0 0 3.9270 1 0
26 -3.6000 183.2346 176.2201 0 0 3.9270 1 0
15 -1.2000 190.3056 169.1490 0 0 3.9270 1 0
15 -1.2000 197.3767 162.0779 0 0 3.9270 1 0
15 -1.2000 204.4478 155.0069 0 0 3.9270 1 0
15 -1.2000 211.5188 147.9358 0 0 3.9270 1 0
15 -1.2000 218.5899 140.8647 0 0 3.9270 1 0
15 -1.2000 225.6610 133.7937 0 0 3.9270 1 0
15 -1.2000 232.7320 126.7226 0 0 3.9270 1 0
26 -3.6000 246.8742 112.5805 0 0 7.0686 1 0
14 -6.0000 253.9452 105.5094 0 0 7.0686 1 0
4 -6.0000 253.9452 105.5094 0 0 3.9270 1 0
4 -6.0000 261.0163 98.4383 0 0 3.9270 1 0
4 -6.0000 268.0874 91.3673 0 0 3.9270 1 0
4 -6.0000 275.1585 84.2962 0 0 3.9270 1 0
4 -6.0000 282.2295 77.2251 0 0 3.9270 1 0
4 -6.0000 289.3006 70.1541 0 0 3.9270 1 0
4 -6.0000 296.3717 63.0830 0 0 3.9270 1 0
4 -6.0000 303.4427 56.0119 0 0 3.9270 1 0
4 -6.0000 310.5138 48.9409 0 0 3.9270 1 0
4 -6.0000 317.5849 41.8698 0 0 3.9270 1 0
4 -6.0000 324.6559 34.7987 0 0 3.9270 1 0
5 -6.0000 331.7270 27.7277 0 0 3.9270 1 0
5 -6.0000 339.9882 22.2076 0 0 4.3197 1 0
7 -6.0000 349.7330 20.2692 0 0 4.7124 1 0
7 -6.0000 359.4778 18.3309 0 0 4.3197 1 0
4 -6.0000 367.7391 12.8110 0 0 3.9270 1 0
4 -6.0000 374.8101 5.7399 0 0 3.9270 1 0
4 -6.0000 381.8812 -1.3311 0 0 3.9270 1 0
11 -8.4000 396.0233 -15.4733 0 0 7.0686 1 0
4 -8.4000 396.0233 -15.4733 0 0 3.9270 1 0
4 -8.4000 403.0944 -22.5443 0 0 3.9270 1 0
4 -8.4000 410.1655 -29.6154 0 0 3.9270 1 0
5 -8.4000 417.2365 -36.6865 0 0 3.9270 1 0
5 -8.4000 425.4977 -42.2065 0 0 4.3197 1 0
5 -8.4000 435.2425 -44.1449 0 0 4.7124 1 0
5 -8.4000 444.9873 -42.2066 0 0 5.1051 1 0
4 -8.4000 453.2486 -36.6867 0 0 5.4978 1 0
4 -8.4000 460.3196 -29.6156 0 0 5.4978 1 0
4 -8.4000 467.3907 -22.5445 0 0 5.4978 1 0
4 -8.4000 474.4618 -15.4735 0 0 5.4978 1 0
4 -8.4000 481.5328 -8.4024 0 0 5.4978 1 0
4 -8.4000 488.6039 -1.3313 0 0 5.4978 1 0
4 -8.4000 495.6750 5.7397 0 0 5.4978 1 0
4 -8.4000 502.7460 12.8108 0 0 5.4978 1 0
4 -8.4000 509.8171 19.8819 0 0 5.4978 1 0
8 -8.4000 516.8882 26.9530 0 0 5.4978 1 0
8 -8.4000 525.8913 30.6822 0 0 4.7124 1 0
8 -8.4000 534.8944 26.9530 0 0 3.9270 1 0
8 -8.4000 538.6236 17.9499 0 0 3.1416 1 0
14 -8.4000 534.8944 8.9468 0 0 2.3562 1 0
26 -6.0000 527.8233 1.8757 0 0 2.3562 1 0
15 -3.6000 520.7522 -5.1954 0 0 2.3562 1 0
15 -3.6000 513.6812 -12.2664 0 0 2.3562 1 0
15 -3.6000 506.6101 -19.3375 0 0 2.3562 1 0
15 -3.6000 499.5390 -26.4086 0 0 2.3562 1 0
15 -3.6000 492.4680 -33.4796 0 0 2.3562 1 0
15 -3.6000 485.3969 -40.5507 0 0 2.3562 1 0
15 -3.6000 478.3258 -47.6218 0 0 2.3562 1 0
15 -3.6000 471.2548 -54.6928 0 0 2.3562 1 0
15 -3.6000 464.1837 -61.7639 0 0 2.3562 1 0
26 -6.0000 450.0416 -75.9061 0 0 5.4978 1 0
14 -8.4000 442.9705 -82.9771 0 0 5.4978 1 0
9 -9.2000 435.8994 -90.0482 0 0 5.4978 1 0
9 -10.0000 428.8284 -97.1193 0 0 5.4978 1 0
4 -10.0000 428.8284 -97.1193 0 0 2.3562 1 0
4 -10.0000 421.7573 -104.1903 0 0 2.3562 1 0
4 -10.0000 414.6862 -111.2614 0 0 2.3562 1 0
4 -10.0000 407.6152 -118.3325 0 0 2.3562 1 0
4 -10.0000 400.5441 -125.4035 0 0 2.3562 1 0
4 -10.0000 393.4730 -132.4746 0 0 2.3562 1 0
4 -10.0000 386.4020 -139.5457 0 0 2.3562 1 0
4 -10.0000 379.3309 -146.6167 0 0 2.3562 1 0
28 -10.0000 372.2598 -153.6878 0 0 2.3562 1 0
4 -10.0000 368.7243 -150.1523 0 0 2.3562 1 0
4 -10.0000 361.6532 -157.2233 0 0 2.3562 1 0
4 -10.0000 354.5822 -164.2944 0 0 2.3562 1 0
4 -10.0000 347.5111 -171.3655 0 0 2.3562 1 0
31 -10.0000 340.4400 -178.4365 0 0 2.3562 1 0
4 -10.0000 343.9756 -181.9721 0 0 2.3562 1 0
4 -10.0000 336.9045 -189.0431 0 0 2.3562 1 0
4 -10.0000 329.8334 -196.1142 0 0 2.3562 1 0
4 -10.0000 322.7624 -203.1853 0 0 2.3562 1 0
4 -10.0000 315.6913 -210.2564 0 0 2.3562 1 0
5 -10.0000 308.6202 -217.3274 0 0 2.3562 1 0
5 -10.0000 303.1002 -225.5886 0 0 2.7489 1 0
5 -10.0000 301.1618 -235.3334 0 0 3.1416 1 0
5 -10.0000 303.1001 -245.0782 0 0 3.5343 1 0
5 -10.0000 308.6200 -253.3395 0 0 3.9270 1 0
5 -10.0000 316.8812 -258.8595 0 0 4.3197 1 0
5 -10.0000 326.6260 -260.7979 0 0 4.7124 1 0
5 -10.0000 336.3708 -258.8596 0 0 5.1051 1 0
5 -10.0000 344.6321 -253.3397 0 0 5.4978 1 0
7 -10.0000 350.1521 -245.0785 0 0 5.8905 1 0
4 -10.0000 355.6720 -236.8172 0 0 5.4978 1 0
4 -10.0000 362.7431 -229.7461 0 0 5.4978 1 0
4 -10.0000 369.8142 -222.6751 0 0 5.4978 1 0
4 -10.0000 376.8852 -215.6040 0 0 5.4978 1 0
4 -10.0000 383.9563 -208.5329 0 0 5.4978 1 0
4 -10.0000 391.0273 -201.4619 0 0 5.4978 1 0
4 -10.0000 398.0984 -194.3908 0 0 5.4978 1 0
4 -10.0000 405.1695 -187.3197 0 0 5.4978 1 0
4 -10.0000 412.2405 -180.2486 0 0 5.4978 1 0
4 -10.0000 419.3116 -173.1776 0 0 5.4978 1 0
4 -10.0000 426.3827 -166.1065 0 0 5.4978 1 0
4 -10.0000 433.4537 -159.0354 0 0 5.4978 1 0
6 -10.0000 440.5248 -151.9644 0 0 5.4978 1 0
8 -10.0000 444.2540 -142.9613 0 0 6.2832 1 0
4 -10.0000 447.9832 -133.9582 0 0 5.4978 1 0
4 -10.0000 455.0543 -126.8871 0 0 5.4978 1 0
4 -10.0000 462.1253 -119.8160 0 0 5.4978 1 0
4 -10.0000 469.1964 -112.7450 0 0 5.4978 1 0
4 -10.0000 476.2675 -105.6739 0 0 5.4978 1 0
8 -10.0000 483.3385 -98.6028 0 0 5.4978 1 0
6 -10.0000 492.3416 -94.8736 0 0 4.7124 1 0
5 -10.0000 501.3447 -91.1444 0 0 5.4978 1 0
5 -10.0000 506.8648 -82.8832 0 0 5.8905 1 0
5 -10.0000 508.8032 -73.1384 0 0 6.2832 1 0
7 -10.0000 506.8649 -63.3936 0 0 6.6759 1 0
7 -10.0000 504.9265 -53.6489 0 0 6.2832 1 0
7 -10.0000 506.8648 -43.9041 0 0 5.8905 1 0
7 -10.0000 512.3847 -35.6428 0 0 5.4978 1 0
7 -10.0000 520.6459 -30.1228 0 0 5.1051 1 0
7 -10.0000 530.3907 -28.1843 0 0 4.7124 1 0
7 -10.0000 540.1355 -30.1226 0 0 4.3197 1 0
4 -10.0000 548.3967 -35.6426 0 0 3.9270 1 0
4 -10.0000 555.4678 -42.7136 0 0 3.9270 1 0
4 -10.0000 562.5389 -49.7847 0 0 3.9270 1 0
4 -10.0000 569.6099 -56.8558 0 0 3.9270 1 0
4 -10.0000 576.6810 -63.9268 0 0 3.9270 1 0
9 -10.0000 583.7521 -70.9979 0 0 3.9270 1 0
9 -9.2000 590.8231 -78.0690 0 0 3.9270 1 0
9 -8.4000 597.8942 -85.1400 0 0 3.9270 1 0
9 -7.6000 604.9653 -92.2111 0 0 3.9270 1 0
9 -6.8000 612.0363 -99.2822 0 0 3.9270 1 0
9 -6.0000 619.1074 -106.3532 0 0 3.9270 1 0
9 -5.2000 626.1785 -113.4243 0 0 3.9270 1 0
9 -4.4000 633.2496 -120.4954 0 0 3.9270 1 0
9 -3.6000 640.3206 -127.5664 0 0 3.9270 1 0
9 -2.8000 647.3917 -134.6375 0 0 3.9270 1 0
4 -2.0000 654.4628 -141.7086 0 0 3.9270 1 0
4 -2.0000 661.5338 -148.7796 0 0 3.9270 1 0
4 -2.0000 668.6049 -155.8507 0 0 3.9270 1 0
4 -2.0000 675.6760 -162.9218 0 0 3.9270 1 0
7 -2.0000 682.7470 -169.9928 0 0 3.9270 1 0
4 -2.0000 688.2671 -178.2540 0 0 3.5343 1 0
9 -2.8000 695.9207 -196.7316 0 0 6.6759 1 0
9 -3.6000 699.7476 -205.9704 0 0 6.6759 1 0
9 -4.4000 703.5744 -215.2092 0 0 6.6759 1 0
9 -5.2000 707.4012 -224.4480 0 0 6.6759 1 0
9 -6.0000 711.2281 -233.6868 0 0 6.6759 1 0
4 -6.0000 711.2281 -233.6868 0 0 3.5343 1 0
4 -6.0000 715.0549 -242.9256 0 0 3.5343 1 0
11 -6.0000 718.8818 -252.1644 0 0 3.5343 1 0
11 -3.6000 722.7086 -261.4032 0 0 3.5343 1 0
11 -1.2000 726.5354 -270.6420 0 0 3.5343 1 0
11 1.2000 730.3623 -279.8808 0 0 3.5343 1 0
11 1.2000 738.0159 -298.3584 0 0 6.6759 1 0
11 -1.2000 741.8428 -307.5972 0 0 6.6759 1 0
11 -3.6000 745.6696 -316.8359 0 0 6.6759 1 0
11 -6.0000 749.4964 -326.0747 0 0 6.6759 1 0
11 -6.0000 749.4964 -326.0747 0 0 3.5343 1 0
11 -3.6000 753.3233 -335.3135 0 0 3.5343 1 0
11 -1.2000 757.1501 -344.5523 0 0 3.5343 1 0
11 1.2000 760.9769 -353.7911 0 0 3.5343 1 0
11 1.2000 768.6306 -372.2687 0 0 6.6759 1 0
11 -1.2000 772.4575 -381.5075 0 0 6.6759 1 0
11 -3.6000 776.2843 -390.7463 0 0 6.6759 1 0
11 -6.0000 780.1111 -399.9851 0 0 6.6759 1 0
37 -6.0000 783.9380 -409.2239 0 0 6.6759 1 0
4 -6.0000 783.9380 -409.2239 0 0 3.5343 1 0
4 -6.0000 787.7648 -418.4627 0 0 3.5343 1 0
4 -6.0000 791.5916 -427.7015 0 0 3.5343 1 0
4 -6.0000 795.4185 -436.9403 0 0 3.5343 1 0
4 -6.0000 799.2453 -446.1791 0 0 3.5343 1 0
9 -6.0000 803.0721 -455.4179 0 0 3.5343 1 0
9 -5.2000 806.8990 -464.6567 0 0 3.5343 1 0
9 -4.4000 810.7258 -473.8955 0 0 3.5343 1 0
11 -6.0000 818.3795 -492.3730 0 0 6.6759 1 0
11 -8.4000 822.2063 -501.6118 0 0 6.6759 1 0
11 -10.8000 826.0332 -510.8506 0 0 6.6759 1 0
4 -10.8000 826.0332 -510.8506 0 0 3.5343 1 0
4 -10.8000 829.8600 -520.0894 0 0 3.5343 1 0
4 -10.8000 833.6868 -529.3282 0 0 3.5343 1 0
4 -10.8000 837.5137 -538.5670 0 0 3.5343 1 0
4 -10.8000 841.3405 -547.8058 0 0 3.5343 1 0
9 -11.6000 848.9942 -566.2834 0 0 6.6759 1 0
9 -12.4000 852.8210 -575.5222 0 0 6.6759 1 0
7 -12.4000 852.8210 -575.5222 0 0 3.5343 1 0
8 -12.4000 854.7594 -585.2670 0 0 3.1416 1 0
6 -12.4000 851.0302 -594.2701 0 0 2.3562 1 0
5 -12.4000 847.3010 -603.2732 0 0 3.1416 1 0
4 -12.4000 849.2393 -613.0180 0 0 3.5343 1 0
4 -12.4000 853.0662 -622.2568 0 0 3.5343 1 0
7 -12.4000 856.8930 -631.4956 0 0 3.5343 1 0
7 -12.4000 858.8314 -641.2403 0 0 3.1416 1 0
4 -12.4000 856.8931 -650.9851 0 0 2.7489 1 0
5 -12.4000 853.0663 -660.2239 0 0 2.7489 1 0
5 -12.4000 851.1279 -669.9687 0 0 3.1416 1 0
4 -12.4000 853.0662 -679.7135 0 0 3.5343 1 0
4 -12.4000 856.8930 -688.9523 0 0 3.5343 1 0
4 -12.4000 860.7198 -698.1911 0 0 3.5343 1 0
4 -12.4000 864.5467 -707.4299 0 0 3.5343 1 0
4 -12.4000 868.3735 -716.6687 0 0 3.5343 1 0
4 -12.4000 872.2003 -725.9075 0 0 3.5343 1 0
4 -12.4000 876.0272 -735.1463 0 0 3.5343 1 0
4 -12.4000 879.8540 -744.3851 0 0 3.5343 1 0
4 -12.4000 883.6809 -753.6239 0 0 3.5343 1 0
4 -12.4000 887.5077 -762.8627 0 0 3.5343 1 0
9 -12.4000 891.3345 -772.1015 0 0 3.5343 1 0
10 -11.6000 895.1614 -781.3402 0 0 3.5343 1 0
11 -10.0000 898.9882 -790.5790 0 0 3.5343 1 0
10 -7.6000 902.8150 -799.8178 0 0 3.5343 1 0
9 -6.0000 906.6419 -809.0566 0 0 3.5343 1 0
4 -5.2000 910.4687 -818.2954 0 0 3.5343 1 0
4 -5.2000 914.2955 -827.5342 0 0 3.5343 1 0
4 -5.2000 918.1224 -836.7730 0 0 3.5343 1 0
4 -5.2000 921.9492 -846.0118 0 0 3.5343 1 0
4 -5.2000 925.7760 -855.2506 0 0 3.5343 1 0
4 -5.2000 929.6029 -864.4894 0 0 3.5343 1 0
4 -5.2000 933.4297 -873.7282 0 0 3.5343 1 0
21 -5.2000 937.2566 -882.9670 0 0 3.5343 5 0
16 -5.2000 929.6029 -864.4894 0 0 3.5343 2 0
20 -1.2000 -8.0000 40.0064 0 0 3.1416 2 0
20 -1.2000 8.0000 39.9936 0 0 -0.0000 2 0
17 -1.2000 12.7365 58.0323 0 0 1.5708 2 0
17 -1.4000 30.7646 39.9958 0 0 3.1416 2 0
24 -1.4000 20.1646 40.0042 0 0 3.1416 2 0
18 -3.0000 30.7646 19.9958 0 0 3.1416 2 0
17 -3.0000 20.1646 20.0042 0 0 3.1416 2 0
18 -2.8000 38.2011 12.5677 0 0 1.5708 2 0
24 -2.8000 38.1927 1.9677 0 0 1.5708 2 0
17 -3.0000 45.6292 20.0042 0 0 0.0000 2 0
24 -3.0000 56.2292 19.9958 0 0 0.0000 2 0
18 -4.6000 56.2292 39.9958 0 0 0.0000 2 0
17 -4.4000 63.6657 58.0323 0 0 1.5708 2 0
24 -4.4000 63.6573 47.4323 0 0 1.5708 2 0
24 -4.6000 71.0938 40.0042 0 0 3.1416 2 0
17 -6.2000 81.6938 19.9958 0 0 3.1416 2 0
24 -6.2000 71.0938 20.0042 0 0 3.1416 2 0
17 -6.0000 89.1219 1.9677 0 0 1.5708 2 0
17 -6.0000 96.5584 20.0042 0 0 0.0000 2 0
24 -6.0000 107.1584 19.9958 0 0 0.0000 2 0
20 -6.0000 103.6643 43.6674 0 0 2.3562 2 0
24 -6.0000 113.0613 34.2554 0 0 0.7854 2 0
17 -6.0000 119.7141 55.8988 0 0 0.7854 2 0
24 -6.0000 127.2035 48.3975 0 0 0.7854 2 0
17 -6.0000 133.8562 70.0410 0 0 0.7854 2 0
24 -6.0000 141.3456 62.5397 0 0 0.7854 2 0
24 -6.0000 147.9984 84.1831 0 0 0.7854 2 0
24 -6.0000 162.1405 98.3252 0 0 0.7854 2 0
18 -6.0000 169.6299 90.8239 0 0 0.7854 2 0
17 -6.0000 176.2826 112.4674 0 0 0.7854 2 0
17 -6.0000 183.7720 104.9661 0 0 0.7854 2 0
19 -6.0000 188.5171 128.5202 0 0 2.3562 2 0
18 -6.0000 197.9141 119.1082 0 0 0.7854 2 0
18 -6.0000 212.0563 133.2504 0 0 0.7854 2 0
24 -6.0000 218.7091 154.8938 0 0 0.7854 2 0
17 -6.0000 226.1984 147.3925 0 0 0.7854 2 0
24 -6.0000 232.8512 169.0359 0 0 0.7854 2 0
20 -6.0000 245.0857 185.0888 0 0 2.3562 2 0
24 -6.0000 254.4827 175.6768 0 0 0.7854 2 0
19 -6.0000 250.1965 197.4398 0 0 3.1416 2 0
24 -6.0000 263.4965 197.4292 0 0 0.0000 2 0
17 -6.0000 254.4889 219.1841 0 0 -0.7854 2 0
24 -6.0000 240.3467 233.3263 0 0 -0.7854 2 0
19 -6.0000 216.7926 238.0714 0 0 3.9270 2 0
18 -6.0000 204.5612 254.1212 0 0 -0.7854 2 0
17 -6.0000 212.0625 261.6105 0 0 -0.7854 2 0
17 -6.0000 190.4190 268.2633 0 0 -0.7854 2 0
17 -6.0000 197.9203 275.7527 0 0 -0.7854 2 0
19 -6.0000 174.3662 280.4978 0 0 3.9270 2 0
20 -6.0000 185.6889 291.8025 0 0 0.7854 2 0
24 -6.0000 169.6361 304.0369 0 0 -0.7854 2 0
20 -6.0000 153.5316 294.6309 0 0 5.4978 2 0
24 -6.0000 144.1345 304.0429 0 0 -2.3562 2 0
24 -6.0000 137.4818 282.3995 0 0 -2.3562 2 0
18 -6.0000 123.3396 268.2573 0 0 -2.3562 2 0
24 -6.0000 115.8503 275.7586 0 0 -2.3562 2 0
18 -6.0000 103.4947 255.9381 0 0 -3.1416 2 0
24 -6.0000 123.3456 243.6043 0 0 -3.9270 2 0
19 -6.0000 113.9336 234.2073 0 0 3.9270 2 0
20 -6.0000 139.3984 231.3699 0 0 7.0686 2 0
18 -6.0000 129.9864 221.9729 0 0 -3.9270 2 0
17 -6.0000 144.1286 207.8307 0 0 -3.9270 2 0
24 -6.0000 165.7720 201.1779 0 0 -3.9270 2 0
17 -6.0000 158.2707 193.6886 0 0 -3.9270 2 0
18 -6.0000 278.9091 88.0409 0 0 -3.9270 2 0
18 -6.0000 271.4078 80.5515 0 0 -3.9270 2 0
20 -6.0000 294.9620 75.8064 0 0 7.0686 2 0
17 -6.0000 307.1934 59.7566 0 0 -3.9270 2 0
17 -6.0000 299.6921 52.2673 0 0 -3.9270 2 0
20 -6.0000 323.2462 47.5222 0 0 7.0686 2 0
20 -6.0000 311.9235 36.2175 0 0 3.9270 2 0
18 -6.0000 327.9764 23.9830 0 0 -3.9270 2 0
18 -6.0000 349.7372 25.5692 0 0 -4.7124 2 0
19 -6.0000 349.7266 12.2692 0 0 4.7124 2 0
24 -6.0000 371.4897 16.5557 0 0 -3.9270 2 0
17 -6.0000 385.6318 2.4135 0 0 -3.9270 2 0
17 -6.0000 378.1305 -5.0758 0 0 -3.9270 2 0
24 -9.0000 399.7740 -11.7286 0 0 -3.9270 2 0
24 -8.4000 413.9161 -25.8707 0 0 -3.9270 2 0
20 -8.4000 404.5041 -35.2677 0 0 3.9270 2 0
19 -8.4000 428.5651 -34.8179 0 0 7.4613 2 0
24 -8.4000 423.4656 -47.1014 0 0 -4.3197 2 0
19 -8.4000 441.9317 -34.8131 0 0 8.2467 2 0
17 -8.4000 447.0116 -47.1048 0 0 -5.1051 2 0
24 -8.4000 456.5750 -25.8650 0 0 -5.4978 2 0
17 -8.4000 464.0643 -33.3663 0 0 -5.4978 2 0
17 -8.4000 470.7171 -11.7228 0 0 -5.4978 2 0
19 -8.4000 482.9516 4.3300 0 0 8.6394 2 0
19 -8.4000 508.3984 7.1495 0 0 5.4978 2 0
18 -8.4000 513.1435 30.7036 0 0 -5.4978 2 0
18 -8.4000 520.6329 23.2023 0 0 -5.4978 2 0
18 -10.2000 425.5020 -107.9410 0 0 -2.3562 2 0
18 -10.2000 418.0126 -100.4397 0 0 -2.3562 2 0
17 -10.0000 411.3599 -122.0831 0 0 -2.3562 2 0
20 -10.0000 401.9628 -112.6711 0 0 2.3562 2 0
18 -10.0000 397.2177 -136.2252 0 0 -2.3562 2 0
24 -10.0000 319.0177 -199.4346 0 0 -2.3562 2 0
24 -10.0000 312.3649 -221.0781 0 0 -2.3562 2 0
19 -10.0000 309.1618 -235.3398 0 0 6.2832 2 0
17 -10.0000 295.8618 -235.3292 0 0 -3.1416 2 0
20 -10.0000 314.2814 -247.6871 0 0 7.0686 2 0
17 -10.0000 304.8694 -257.0841 0 0 -3.9270 2 0
24 -10.0000 326.6218 -266.0979 0 0 -4.7124 2 0
17 -10.0000 340.8874 -249.5890 0 0 -5.4978 2 0
18 -10.0000 348.3767 -257.0903 0 0 -5.4978 2 0
19 -10.0000 350.0197 -231.1559 0 0 8.6394 2 0
18 -10.0000 359.4167 -240.5679 0 0 -5.4978 2 0
20 -10.0000 364.1618 -217.0137 0 0 8.6394 2 0
17 -10.0000 373.5588 -226.4257 0 0 -5.4978 2 0
20 -10.0000 389.6086 -214.1943 0 0 5.4978 2 0
24 -10.0000 401.8431 -198.1414 0 0 -5.4978 2 0
24 -10.0000 408.4959 -176.4980 0 0 -5.4978 2 0
17 -10.0000 415.9852 -183.9993 0 0 -5.4978 2 0
24 -10.0000 422.6380 -162.3559 0 0 -5.4978 2 0
24 -10.0000 430.1274 -169.8572 0 0 -5.4978 2 0
17 -10.0000 444.2385 -130.2075 0 0 -5.4978 2 0
17 -10.0000 451.7279 -137.7088 0 0 -5.4978 2 0
18 -10.0000 480.0122 -109.4245 0 0 -5.4978 2 0
19 -10.0000 492.3480 -86.8736 0 0 7.8540 2 0
24 -10.0000 492.3374 -100.1736 0 0 -4.7124 2 0
18 -10.0000 511.7597 -84.9153 0 0 -5.8905 2 0
18 -10.0000 501.9667 -65.4180 0 0 -6.6759 2 0
18 -10.0000 511.7631 -61.3693 0 0 -6.6759 2 0
24 -10.0000 501.9698 -41.8719 0 0 -5.8905 2 0
18 -10.0000 511.7597 -45.9362 0 0 -5.8905 2 0
17 -10.0000 518.6216 -25.2246 0 0 -5.1051 2 0
20 -10.0000 523.7015 -37.5162 0 0 5.1051 2 0
17 -10.0000 542.1676 -25.2277 0 0 -4.3197 2 0
24 -10.0000 538.1033 -35.0176 0 0 -4.3197 2 0
18 -10.0000 559.2184 -38.9689 0 0 -3.9270 2 0
18 -10.0000 551.7171 -46.4583 0 0 -3.9270 2 0
19 -10.0000 575.2713 -51.2034 0 0 7.0686 2 0
24 -10.2000 587.5027 -67.2532 0 0 -3.9270 2 0
17 -10.2000 580.0014 -74.7426 0 0 -3.9270 2 0
24 -8.6000 601.6449 -81.3953 0 0 -3.9270 2 0
18 -7.0000 615.7870 -95.5375 0 0 -3.9270 2 0
18 -7.0000 608.2857 -103.0268 0 0 -3.9270 2 0
18 -5.4000 629.9291 -109.6796 0 0 -3.9270 2 0
17 -5.4000 622.4278 -117.1690 0 0 -3.9270 2 0
24 -3.8000 644.0713 -123.8217 0 0 -3.9270 2 0
17 -3.8000 636.5700 -131.3111 0 0 -3.9270 2 0
18 -2.2000 658.2134 -137.9639 0 0 -3.9270 2 0
24 -2.2000 650.7121 -145.4532 0 0 -3.9270 2 0
24 -2.0000 672.3555 -152.1060 0 0 -3.9270 2 0
18 -2.0000 664.8543 -159.5954 0 0 -3.9270 2 0
24 -2.0000 686.4977 -166.2481 0 0 -3.9270 2 0
24 -2.0000 678.9964 -173.7375 0 0 -3.9270 2 0
17 -2.2000 696.9921 -185.4685 0 0 -3.5343 2 0
17 -3.8000 704.6458 -203.9461 0 0 -3.5343 2 0
24 -3.8000 694.8494 -207.9947 0 0 -3.5343 2 0
18 -5.4000 712.2994 -222.4237 0 0 -3.5343 2 0
17 -5.4000 702.5031 -226.4723 0 0 -3.5343 2 0
24 -6.2000 719.9531 -240.9013 0 0 -3.5343 2 0
24 -6.2000 710.1567 -244.9499 0 0 -3.5343 2 0
24 -4.2000 727.6068 -259.3789 0 0 -3.5343 2 0
17 -4.2000 717.8104 -263.4275 0 0 -3.5343 2 0
24 0.6000 725.4641 -281.9051 0 0 -3.5343 2 0
18 0.6000 742.9141 -296.3340 0 0 -3.5343 2 0
24 -4.2000 750.5678 -314.8116 0 0 -3.5343 2 0
24 -4.2000 740.7714 -318.8603 0 0 -3.5343 2 0
17 -4.2000 758.2215 -333.2892 0 0 -3.5343 2 0
18 0.6000 765.8751 -351.7668 0 0 -3.5343 2 0
17 0.6000 756.0788 -355.8154 0 0 -3.5343 2 0
24 0.6000 763.7324 -374.2930 0 0 -3.5343 2 0
24 -6.0000 796.4898 -425.6772 0 0 -3.5343 2 0
20 -6.0000 784.1982 -430.7571 0 0 3.5343 2 0
17 -6.0000 804.1435 -444.1547 0 0 -3.5343 2 0
17 -5.4000 802.0008 -466.6810 0 0 -3.5343 2 0
24 -4.2000 819.4508 -481.1099 0 0 -3.5343 2 0
18 -4.2000 809.6545 -485.1586 0 0 -3.5343 2 0
17 -9.0000 827.1045 -499.5875 0 0 -3.5343 2 0
18 -9.0000 817.3081 -503.6362 0 0 -3.5343 2 0
17 -11.4000 824.9618 -522.1138 0 0 -3.5343 2 0
17 -10.8000 842.4118 -536.5427 0 0 -3.5343 2 0
24 -10.8000 832.6155 -540.5913 0 0 -3.5343 2 0
18 -11.0000 850.0655 -555.0203 0 0 -3.5343 2 0
24 -12.6000 847.9228 -577.5465 0 0 -3.5343 2 0
18 -12.4000 854.7749 -598.0207 0 0 -2.3562 2 0
20 -12.4000 845.3779 -588.6087 0 0 2.3562 2 0
17 -12.4000 854.1375 -610.9936 0 0 -3.5343 2 0
20 -12.4000 841.8459 -616.0736 0 0 3.5343 2 0
18 -12.4000 861.7912 -629.4712 0 0 -3.5343 2 0
17 -12.4000 851.9948 -633.5199 0 0 -3.5343 2 0
19 -12.4000 864.2817 -654.0525 0 0 5.8905 2 0
18 -12.4000 856.4279 -669.9729 0 0 -3.1416 2 0
18 -12.4000 861.7912 -686.9280 0 0 -3.5343 2 0
24 -12.4000 869.4448 -705.4056 0 0 -3.5343 2 0
24 -12.4000 859.6485 -709.4542 0 0 -3.5343 2 0
19 -12.4000 879.5938 -722.8519 0 0 6.6759 2 0
18 -12.4000 867.3022 -727.9318 0 0 -3.5343 2 0
18 -12.4000 884.7522 -742.3607 0 0 -3.5343 2 0
17 -12.4000 874.9558 -746.4094 0 0 -3.5343 2 0
24 -12.4000 882.6095 -764.8870 0 0 -3.5343 2 0
17 -5.6000 915.3669 -816.2711 0 0 -3.5343 2 0
24 -5.6000 905.5705 -820.3198 0 0 -3.5343 2 0
17 -5.2000 923.0206 -834.7487 0 0 -3.5343 2 0
24 -5.2000 920.8779 -857.2749 0 0 -3.5343 2 0
