1 0
1 0
1 0
1 0
1 0
1 0
1 0
1 0
1 0
1 0
1 0
1 0
1 0
1 0
1 0
1 1
1 1
1 0
1 0
1 0
1 0
1 0
1 0
1 0
1 0
1 0
1 0
1 0
1 0
1 0
1 0
1 1
1 0
1 1
1 0
1 0
1 0
1 0
1 0
1 0
1 0
1 0
1 0
1 0
1 0
1 0
1 0
1 0
1 0
1 0
1 0
1 0
1 0
1 1
1 2
1 1
1 0
1 0
1 0
1 0
1 0
1 0
1 0
1 0
1 0
1 0
1 0
1 0
1 0
1 0
1 0
1 0
1 0
1 0
1 0
1 0
1 0
1 0
1 0
1 0
1 1
1 1
1 1
1 1
1 1
1 1
1 0
1 0
1 0
1 3
1 0
1 0
1 0
1 0
1 5
1 5
1 5
1 5
1 0
1 0
1 0
1 0
1 0
1 0
1 0
1 0
1 0
1 0
1 0
1 0
1 0
1 1
1 1
1 1
1 1
1 1
1 1
1 1
1 1
1 1
1 0
1 3
1 0
1 0
1 0
1 0
1 0
1 0
1 0
1 0
1 5
1 5
1 0
1 0
1 0
1 0
1 0
1 0
1 0
1 3
1 3
1 4
1 4
1 3
1 3
1 0
1 0
1 0
1 0
1 0
1 0
1 5
1 5
1 5
1 0
1 0
1 0
1 0
1 0
1 0
1 0
1 1
1 0
1 0
1 0
1 1
1 2
1 2
1 2
1 1
1 0
1 0
1 3
1 0
1 0
1 0
1 0
1 0
1 0
1 0
1 0
1 0
1 0
1 0
1 0
1 0
1 0
1 3
1 3
1 4
1 4
1 0
1 0
1 0
1 0
1 0
1 0
1 0
1 3
1 3
1 3
1 3
1 3
1 0
1 3
1 0
1 14
1 17
1 17
1 15
1 15
1 15
1 15
1 15
1 15
1 15
1 15
1 15
1 15
1 15
1 15
1 18
1 18
1 16
1 0
1 0
1 0
1 0
1 1
1 1
1 1
1 0
1 0
1 1
1 0
1 3
1 1
1 3
1 14
1 17
1 17
3 15
1 18
1 18
1 16
1 0
1 0
1 0
1 0
1 0
1 0
1 3
1 3
1 0
1 0
1 0
1 0
1 0
1 0
1 1
1 1
1 0
1 0
1 0
1 0
1 0
1 0
1 1
1 2
1 1
1 0
1 0
1 0
1 0
1 0
1 0
1 0
1 0
1 0
1 1
1 1
1 1
1 1
1 0
1 0
1 0
1 0
1 0
1 0
1 0
1 0
1 0
1 0
1 0
1 0
1 0
1 0
1 0
1 1
1 1
1 1
1 1
1 0
1 0
1 14
1 17
1 17
1 15
1 18
1 18
1 16
1 3
1 3
1 0
1 0
1 0
1 0
1 0
1 0
1 0
1 0
1 0
1 0
1 3
1 3
1 3
1 3
1 3
1 3
1 0
1 0
1 0
1 0
1 0
1 0
1 14
1 17
1 17
1 15
1 15
1 18
1 18
1 16
1 0
1 0
1 0
