1 0
1 0
1 0
1 0
1 0
1 1
1 1
1 0
1 0
1 0
1 0
1 0
1 0
1 0
1 0
1 0
1 14
1 17
1 15
1 15
1 15
1 15
1 18
1 16
1 0
1 0
1 0
1 0
1 0
1 1
1 2
1 0
1 0
1 0
1 0
1 0
1 0
1 0
1 0
1 0
1 0
1 0
1 1
1 1
1 0
1 0
1 0
9 8
1 0
1 0
1 1
1 0
1 0
1 0
1 0
1 0
2 6
1 0
1 0
1 0
1 0
1 0
1 0
1 1
1 2
1 1
1 0
1 0
1 0
1 0
1 0
1 0
1 3
1 3
1 0
1 0
1 3
1 3
1 3
1 3
1 3
1 0
1 0
1 0
1 0
1 0
1 0
1 0
1 0
1 1
1 1
1 1
1 1
1 1
1 1
1 1
1 0
1 0
1 0
1 0
1 0
1 0
1 5
1 6
1 5
1 0
1 0
1 0
1 0
1 0
1 1
1 2
1 1
1 0
1 0
1 0
1 0
15 8
1 0
1 0
1 0
1 0
1 0
1 0
1 1
1 1
1 0
1 0
1 3
1 3
1 3
1 3
1 0
1 0
1 0
1 0
1 0
1 0
1 0
1 0
1 0
1 0
1 0
1 0
1 0
1 0
1 0
1 0
1 0
1 3
1 3
1 3
1 3
1 0
1 0
1 0
3 7
7 0
1 0
1 0
1 0
1 0
1 1
1 1
1 1
1 1
1 0
1 0
1 0
1 0
1 0
1 0
1 0
1 0
1 0
1 0
1 3
1 3
1 3
1 3
1 3
1 0
1 0
1 0
1 0
1 4
1 3
1 0
1 0
1 0
1 0
1 0
1 11
9 12
1 13
1 0
1 0
1 0
1 0
1 0
1 0
1 1
1 1
1 0
1 0
1 0
1 0
1 0
1 0
1 3
1 3
1 3
1 0
1 0
1 0
1 0
1 0
1 0
1 0
1 0
1 0
1 3
1 3
1 3
1 0
1 0
1 0
1 0
1 3
1 3
1 0
1 0
1 0
1 0
1 0
1 0
1 8
1 9
1 10
1 30
1 10
1 0
1 0
1 0
1 0
1 0
1 0
