cars/car4
tracks/track6
0.040 2.791 0.000 14.000 3.791 0.000 14.000 2.791 1.000 14.000 2.791 0.000 15.000 2.641 -0.850 12.140 3.641 -0.850 12.140 2.641 0.150 12.140 2.641 -0.850 13.140 2.641 0.850 12.140 3.641 0.850 12.140 2.641 1.850 12.140 2.641 0.850 13.140 2.641 -0.850 16.080 3.641 -0.850 16.080 2.641 0.150 16.080 2.641 -0.850 17.080 2.641 0.850 16.080 3.641 0.850 16.080 2.641 1.850 16.080 2.641 0.850 17.080 
0.079 2.767 0.000 14.000 3.767 0.000 14.000 2.767 1.000 14.000 2.767 0.000 15.000 2.617 -0.850 12.140 3.617 -0.850 12.140 2.617 0.150 12.140 2.617 -0.850 13.140 2.617 0.850 12.140 3.617 0.850 12.140 2.617 1.850 12.140 2.617 0.850 13.140 2.617 -0.850 16.080 3.617 -0.850 16.080 2.617 0.150 16.080 2.617 -0.850 17.080 2.617 0.850 16.080 3.617 0.850 16.080 2.617 1.850 16.080 2.617 0.850 17.080 
0.118 2.729 0.000 14.000 3.729 0.000 14.000 2.729 1.000 14.000 2.729 -0.000 15.000 2.579 -0.850 12.140 3.579 -0.850 12.140 2.579 0.150 12.140 2.579 -0.850 13.140 2.579 0.850 12.140 3.579 0.850 12.140 2.579 1.850 12.140 2.579 0.850 13.140 2.579 -0.850 16.080 3.579 -0.850 16.080 2.579 0.150 16.078 2.579 -0.848 17.080 2.579 0.850 16.080 3.579 0.850 16.080 2.579 1.850 16.078 2.579 0.852 17.080 
0.156 2.676 0.000 14.000 3.676 0.000 14.000 2.676 1.000 14.000 2.676 -0.000 15.000 2.526 -0.850 12.140 3.526 -0.850 12.140 2.526 0.150 12.140 2.526 -0.850 13.140 2.526 0.850 12.140 3.526 0.850 12.140 2.526 1.850 12.140 2.526 0.850 13.140 2.526 -0.850 16.080 3.526 -0.850 16.080 2.526 0.150 16.078 2.526 -0.848 17.080 2.526 0.850 16.080 3.526 0.850 16.080 2.526 1.850 16.078 2.526 0.852 17.080 
0.195 2.609 0.000 14.000 3.609 0.000 14.000 2.609 1.000 14.000 2.609 -0.000 15.000 2.459 -0.850 12.140 3.459 -0.850 12.140 2.459 0.150 12.140 2.459 -0.850 13.140 2.459 0.850 12.140 3.459 0.850 12.140 2.459 1.850 12.140 2.459 0.850 13.140 2.459 -0.850 16.080 3.459 -0.850 16.080 2.459 0.150 16.077 2.459 -0.847 17.080 2.459 0.850 16.080 3.459 0.850 16.080 2.459 1.850 16.077 2.459 0.853 17.080 
0.233 2.527 0.000 14.000 3.527 0.000 14.000 2.527 1.000 14.000 2.527 -0.000 15.000 2.377 -0.850 12.140 3.377 -0.850 12.140 2.377 0.150 12.140 2.377 -0.850 13.140 2.377 0.850 12.140 3.377 0.850 12.140 2.377 1.850 12.140 2.377 0.850 13.140 2.377 -0.850 16.080 3.377 -0.850 16.080 2.377 0.150 16.077 2.377 -0.847 17.080 2.377 0.850 16.080 3.377 0.850 16.080 2.377 1.850 16.077 2.377 0.853 17.080 
0.271 2.433 0.000 14.000 3.433 0.000 14.000 2.433 1.000 14.000 2.433 -0.000 15.000 2.283 -0.850 12.140 3.283 -0.850 12.140 2.283 0.150 12.140 2.283 -0.850 13.140 2.283 0.850 12.140 3.283 0.850 12.140 2.283 1.850 12.140 2.283 0.850 13.140 2.283 -0.850 16.080 3.283 -0.850 16.080 2.283 0.150 16.077 2.283 -0.847 17.080 2.283 0.850 16.080 3.283 0.850 16.080 2.283 1.850 16.077 2.283 0.853 17.080 
0.308 2.328 0.000 14.000 3.328 0.000 14.000 2.328 1.000 14.000 2.328 -0.000 15.000 2.177 -0.850 12.140 3.171 -0.850 12.249 2.177 0.150 12.140 2.068 -0.850 13.134 2.177 0.850 12.140 3.171 0.850 12.249 2.177 1.850 12.140 2.068 0.850 13.134 2.178 -0.850 16.080 3.178 -0.850 16.080 2.178 0.150 16.077 2.178 -0.847 17.080 2.178 0.850 16.080 3.178 0.850 16.080 2.178 1.850 16.077 2.178 0.853 17.080 
0.345 2.209 0.000 14.000 3.209 -0.000 13.999 2.209 1.000 14.000 2.210 -0.000 15.000 2.057 -0.850 12.140 2.435 -0.850 13.066 2.057 0.150 12.140 1.131 -0.850 12.518 2.057 0.850 12.140 2.435 0.850 13.066 2.057 1.850 12.140 1.131 0.850 12.518 2.061 -0.850 16.080 3.061 -0.850 16.079 2.061 0.150 16.077 2.062 -0.847 17.080 2.061 0.850 16.080 3.061 0.850 16.079 2.061 1.850 16.077 2.062 0.853 17.080 
0.381 2.080 0.000 14.000 3.080 -0.000 13.997 2.080 1.000 14.000 2.083 -0.000 15.000 1.925 -0.850 12.140 0.938 -0.850 11.983 1.925 0.150 12.140 2.083 -0.850 11.153 1.925 0.850 12.140 0.938 0.850 11.983 1.925 1.850 12.140 2.083 0.850 11.153 1.936 -0.850 16.080 2.936 -0.850 16.077 1.936 0.150 16.078 1.939 -0.847 17.080 1.936 0.850 16.080 2.936 0.850 16.077 1.936 1.850 16.078 1.939 0.853 17.080 
0.419 1.929 0.000 14.000 2.929 -0.000 13.995 1.929 1.000 14.000 1.935 -0.000 15.000 1.770 -0.850 12.141 2.704 -0.850 11.784 1.770 0.150 12.141 2.126 -0.850 13.075 1.770 0.850 12.141 2.704 0.850 11.784 1.770 1.850 12.141 2.126 0.850 13.075 1.790 -0.850 16.081 2.790 -0.850 16.075 1.790 0.150 16.078 1.796 -0.847 17.081 1.790 0.850 16.081 2.790 0.850 16.075 1.790 1.850 16.078 1.796 0.853 17.081 
0.456 1.769 0.000 14.000 2.768 -0.000 13.992 1.769 1.000 14.000 1.776 -0.000 15.000 1.605 -0.850 12.141 1.029 -0.850 12.959 1.605 0.150 12.141 0.787 -0.850 11.565 1.605 0.850 12.141 1.029 0.850 12.959 1.605 1.850 12.141 0.787 0.850 11.565 1.634 -0.850 16.081 2.634 -0.850 16.073 1.634 0.150 16.079 1.642 -0.848 17.081 1.634 0.850 16.081 2.634 0.850 16.073 1.634 1.850 16.079 1.642 0.852 17.081 
0.494 1.594 0.000 14.000 2.594 -0.000 13.990 1.594 1.000 14.000 1.604 -0.000 15.000 1.426 -0.850 12.141 1.438 -0.850 11.142 1.426 0.150 12.141 2.426 -0.850 12.154 1.426 0.850 12.141 1.438 0.850 11.142 1.426 1.850 12.141 2.426 0.850 12.154 1.464 -0.850 16.081 2.464 -0.850 16.071 1.464 0.150 16.079 1.474 -0.848 17.081 1.464 0.850 16.081 2.464 0.850 16.071 1.464 1.850 16.079 1.474 0.852 17.081 
0.532 1.398 0.000 14.000 2.398 -0.000 13.987 1.398 1.000 14.000 1.411 -0.000 15.000 1.225 -0.850 12.142 1.303 -0.850 13.139 1.225 0.150 12.142 0.228 -0.850 12.219 1.225 0.850 12.142 1.303 0.850 13.139 1.225 1.850 12.142 0.228 0.850 12.219 1.274 -0.850 16.082 2.274 -0.850 16.069 1.274 0.150 16.079 1.287 -0.848 17.082 1.274 0.850 16.082 2.274 0.850 16.069 1.274 1.850 16.079 1.287 0.852 17.082 
0.571 1.191 0.000 14.000 2.191 -0.000 13.984 1.191 1.000 14.000 1.207 -0.000 15.000 1.011 -0.850 12.143 1.747 -0.850 11.465 1.011 0.150 12.143 1.688 -0.850 12.878 1.011 0.850 12.143 1.747 0.850 11.465 1.011 1.850 12.143 1.688 0.850 12.878 1.074 -0.850 16.082 2.074 -0.850 16.066 1.074 0.150 16.080 1.090 -0.848 17.082 1.074 0.850 16.082 2.074 0.850 16.066 1.074 1.850 16.080 1.090 0.852 17.082 
0.608 0.975 0.000 14.000 1.974 -0.000 13.980 0.975 1.000 14.000 0.994 -0.000 15.000 0.788 -0.850 12.143 -0.197 -0.850 11.973 0.788 0.150 12.143 0.959 -0.850 11.158 0.788 0.850 12.143 -0.197 0.850 11.973 0.788 1.850 12.143 0.959 0.850 11.158 0.866 -0.850 16.082 1.865 -0.850 16.063 0.866 0.150 16.080 0.885 -0.848 17.082 0.866 0.850 16.082 1.865 0.850 16.063 0.866 1.850 16.080 0.885 0.852 17.082 
0.645 0.745 0.000 14.000 1.745 -0.000 13.976 0.745 1.000 14.000 0.768 -0.000 15.000 0.551 -0.850 12.144 1.024 -0.850 13.025 0.551 0.150 12.144 -0.330 -0.850 12.617 0.551 0.850 12.144 1.024 0.850 13.025 0.551 1.850 12.144 -0.330 0.850 12.617 0.643 -0.850 16.083 1.643 -0.850 16.059 0.643 0.150 16.080 0.667 -0.848 17.082 0.643 0.850 16.083 1.643 0.850 16.059 0.643 1.850 16.081 0.667 0.852 17.082 
0.683 0.501 0.000 14.000 1.501 -0.000 13.973 0.501 1.000 14.000 0.528 -0.000 14.999 0.301 -0.850 12.144 0.712 -0.850 11.233 0.301 0.150 12.144 1.213 -0.850 12.556 0.301 0.850 12.144 0.712 0.850 11.233 0.301 1.850 12.144 1.213 0.850 12.556 0.408 -0.850 16.083 1.407 -0.850 16.056 0.408 0.150 16.081 0.435 -0.848 17.083 0.408 0.850 16.083 1.407 0.850 16.056 0.408 1.850 16.081 0.435 0.852 17.083 
0.720 0.244 0.000 14.000 1.244 -0.000 13.968 0.244 1.000 14.000 0.276 -0.000 14.999 0.037 -0.850 12.145 -0.816 -0.850 11.622 0.037 0.150 12.145 0.560 -0.850 11.293 0.037 0.850 12.145 -0.816 0.850 11.622 0.037 1.850 12.145 0.560 0.850 11.293 0.160 -0.850 16.083 1.159 -0.850 16.052 0.159 0.150 16.081 0.191 -0.848 17.083 0.160 0.850 16.083 1.159 0.850 16.052 0.159 1.850 16.081 0.191 0.852 17.083 
0.757 -0.026 0.000 14.000 0.973 -0.000 13.963 -0.026 1.000 14.000 0.011 -0.000 14.999 -0.244 -0.850 12.146 -1.206 -0.850 11.875 -0.244 0.150 12.146 0.027 -0.850 11.184 -0.244 0.850 12.146 -1.206 0.850 11.875 -0.244 1.850 12.146 0.027 0.850 11.184 -0.100 -0.850 16.084 0.899 -0.850 16.047 -0.100 0.150 16.082 -0.063 -0.848 17.083 -0.100 0.850 16.084 0.899 0.850 16.047 -0.100 1.850 16.082 -0.063 0.852 17.083 
0.795 -0.310 0.000 14.000 0.689 0.000 13.957 -0.310 1.000 14.000 -0.267 -0.000 14.999 -0.539 -0.850 12.148 -1.335 -0.850 11.542 -0.539 0.150 12.148 0.067 -0.850 11.352 -0.539 0.850 12.148 -1.335 0.850 11.542 -0.539 1.850 12.148 0.067 0.850 11.352 -0.371 -0.850 16.084 0.628 -0.850 16.041 -0.371 0.150 16.082 -0.329 -0.848 17.083 -0.371 0.850 16.084 0.628 0.850 16.041 -0.371 1.850 16.082 -0.329 0.852 17.083 
0.831 -0.601 -0.000 14.002 0.398 0.000 13.954 -0.601 1.000 14.002 -0.553 -0.000 15.001 -0.791 -0.850 12.149 -1.684 -0.850 11.699 -0.791 0.150 12.149 -0.341 -0.850 11.256 -0.791 0.850 12.149 -1.684 0.850 11.699 -0.791 1.850 12.149 -0.341 0.850 11.256 -0.651 -0.850 16.087 0.348 -0.850 16.038 -0.651 0.150 16.085 -0.603 -0.848 17.085 -0.651 0.850 16.087 0.348 0.850 16.038 -0.651 1.850 16.085 -0.603 0.852 17.085 
0.867 -0.855 -0.000 14.030 0.144 0.000 14.000 -0.855 1.000 14.030 -0.825 0.000 15.030 -0.808 -0.850 12.166 -1.021 -0.851 11.189 -0.808 0.150 12.165 0.169 -0.850 11.953 -0.808 0.850 12.166 -1.021 0.850 11.189 -0.808 1.850 12.166 0.169 0.850 11.953 -0.815 -0.850 16.110 0.185 -0.850 16.079 -0.815 0.150 16.108 -0.784 -0.848 17.109 -0.815 0.850 16.110 0.185 0.850 16.079 -0.815 1.850 16.108 -0.784 0.852 17.109 
0.905 -0.980 -0.000 14.044 0.020 -0.000 14.045 -0.980 1.000 14.044 -0.981 -0.000 15.044 -0.805 -0.850 12.180 -0.983 -0.850 11.196 -0.805 0.150 12.180 0.179 -0.850 12.002 -0.805 0.850 12.180 -0.983 0.851 11.196 -0.805 1.850 12.181 0.179 0.850 12.002 -0.806 -0.850 16.121 0.194 -0.850 16.120 -0.806 0.150 16.119 -0.806 -0.848 17.121 -0.806 0.850 16.121 0.194 0.850 16.120 -0.806 1.850 16.119 -0.806 0.852 17.121 
0.944 -0.944 -0.000 14.044 0.056 -0.000 14.045 -0.944 1.000 14.044 -0.946 -0.000 15.044 -0.803 -0.850 12.183 -0.973 -0.850 11.198 -0.803 0.150 12.183 0.183 -0.850 12.013 -0.803 0.850 12.183 -0.973 0.851 11.198 -0.803 1.850 12.184 0.183 0.850 12.012 -0.803 -0.850 16.123 0.197 -0.850 16.128 -0.803 0.150 16.122 -0.808 -0.849 17.123 -0.803 0.850 16.123 0.197 0.850 16.128 -0.803 1.850 16.122 -0.808 0.851 17.123 
0.983 -0.868 -0.000 14.045 0.132 -0.000 14.046 -0.868 1.000 14.045 -0.870 -0.000 15.045 -0.801 -0.850 12.185 -0.968 -0.849 11.199 -0.801 0.150 12.185 0.185 -0.850 12.018 -0.801 0.850 12.185 -0.968 0.851 11.199 -0.801 1.850 12.185 0.184 0.850 12.018 -0.802 -0.850 16.125 0.198 -0.850 16.133 -0.802 0.150 16.123 -0.810 -0.849 17.125 -0.802 0.850 16.125 0.198 0.850 16.133 -0.802 1.850 16.123 -0.810 0.851 17.125 
1.022 -0.786 -0.000 14.045 0.214 -0.000 14.046 -0.786 1.000 14.045 -0.787 -0.000 15.045 -0.801 -0.850 12.185 -0.953 -0.849 11.197 -0.801 0.150 12.186 0.188 -0.850 12.033 -0.801 0.850 12.185 -0.953 0.851 11.197 -0.801 1.850 12.186 0.188 0.850 12.032 -0.800 -0.850 16.125 0.199 -0.850 16.136 -0.800 0.150 16.124 -0.811 -0.849 17.125 -0.800 0.850 16.125 0.199 0.850 16.136 -0.800 1.850 16.124 -0.811 0.851 17.125 
1.060 -0.717 -0.000 14.047 0.283 -0.000 14.045 -0.717 1.000 14.047 -0.716 -0.000 15.047 -0.798 -0.850 12.187 -0.266 -0.849 11.340 -0.798 0.150 12.188 0.049 -0.851 12.719 -0.798 0.850 12.187 -0.268 0.850 11.339 -0.798 1.850 12.188 0.050 0.849 12.717 -0.795 -0.850 16.127 0.205 -0.850 16.138 -0.795 0.150 16.126 -0.805 -0.849 17.127 -0.795 0.850 16.127 0.205 0.850 16.138 -0.795 1.850 16.125 -0.805 0.851 17.127 
1.098 -0.663 -0.000 14.048 0.337 0.000 14.044 -0.663 1.000 14.048 -0.659 -0.000 15.048 -0.785 -0.850 12.189 -0.180 -0.851 12.985 -0.785 0.150 12.189 -1.581 -0.851 12.794 -0.785 0.850 12.188 -0.177 0.849 12.982 -0.786 1.850 12.189 -1.579 0.849 12.797 -0.772 -0.850 16.128 0.228 -0.850 16.137 -0.772 0.150 16.127 -0.780 -0.849 17.128 -0.772 0.850 16.128 0.228 0.850 16.137 -0.772 1.850 16.127 -0.780 0.851 17.128 
1.136 -0.626 -0.000 14.049 0.374 0.000 14.042 -0.626 1.000 14.049 -0.619 -0.000 15.049 -0.771 -0.851 12.190 -1.427 -0.850 11.435 -0.772 0.149 12.191 -0.016 -0.850 11.535 -0.772 0.849 12.190 -1.433 0.850 11.439 -0.772 1.849 12.191 -0.021 0.850 11.529 -0.744 -0.850 16.130 0.256 -0.850 16.135 -0.745 0.150 16.129 -0.749 -0.849 17.130 -0.745 0.850 16.130 0.255 0.850 16.135 -0.745 1.850 16.129 -0.750 0.851 17.130 
1.172 -0.603 -0.000 14.050 0.397 0.000 14.039 -0.603 1.000 14.050 -0.592 -0.000 15.050 -0.765 -0.851 12.192 -0.689 -0.851 13.189 -0.765 0.149 12.193 -1.762 -0.851 12.268 -0.765 0.849 12.192 -0.681 0.849 13.188 -0.766 1.849 12.192 -1.762 0.849 12.276 -0.721 -0.850 16.132 0.279 -0.850 16.133 -0.722 0.150 16.131 -0.722 -0.849 17.132 -0.722 0.850 16.132 0.278 0.850 16.132 -0.722 1.850 16.130 -0.723 0.851 17.132 
1.209 -0.594 -0.000 14.052 0.406 0.000 14.036 -0.594 1.000 14.051 -0.578 -0.000 15.052 -0.767 -0.851 12.194 -0.196 -0.851 11.374 -0.768 0.149 12.194 0.053 -0.850 12.766 -0.768 0.849 12.194 -0.206 0.849 11.367 -0.769 1.849 12.193 0.059 0.850 12.756 -0.707 -0.850 16.134 0.293 -0.849 16.131 -0.708 0.150 16.133 -0.704 -0.849 17.134 -0.708 0.850 16.133 0.292 0.851 16.130 -0.709 1.850 16.132 -0.705 0.851 17.133 
1.247 -0.598 -0.000 14.053 0.402 0.000 14.033 -0.599 1.000 14.053 -0.578 -0.000 15.053 -0.782 -0.851 12.196 -1.779 -0.851 12.266 -0.782 0.149 12.195 -0.851 -0.852 11.199 -0.783 0.849 12.196 -1.779 0.849 12.278 -0.783 1.849 12.195 -0.865 0.848 11.199 -0.705 -0.850 16.136 0.295 -0.849 16.128 -0.705 0.150 16.134 -0.697 -0.848 17.136 -0.706 0.850 16.135 0.294 0.851 16.127 -0.706 1.850 16.134 -0.698 0.852 17.135 
1.284 -0.616 -0.000 14.055 0.384 -0.000 14.030 -0.616 1.000 14.054 -0.591 -0.000 15.054 -0.800 -0.851 12.199 -1.005 -0.850 13.178 -0.801 0.149 12.198 -1.779 -0.851 11.994 -0.801 0.849 12.199 -0.992 0.850 13.180 -0.802 1.849 12.198 -1.783 0.849 12.008 -0.713 -0.850 16.138 0.286 -0.849 16.125 -0.714 0.150 16.136 -0.701 -0.848 17.138 -0.714 0.850 16.138 0.286 0.851 16.125 -0.714 1.850 16.136 -0.701 0.852 17.137 
1.321 -0.641 -0.000 14.062 0.359 -0.000 14.035 -0.641 1.000 14.061 -0.615 0.000 15.061 -0.801 -0.850 12.205 0.055 -0.851 12.723 -0.801 0.150 12.206 -1.318 -0.851 13.061 -0.801 0.850 12.205 0.056 0.849 12.721 -0.801 1.850 12.206 -1.317 0.849 13.062 -0.736 -0.850 16.145 0.264 -0.850 16.131 -0.736 0.150 16.144 -0.722 -0.848 17.145 -0.736 0.850 16.145 0.264 0.850 16.130 -0.736 1.850 16.143 -0.721 0.852 17.145 
1.357 -0.670 -0.000 14.075 0.330 0.000 14.053 -0.670 1.000 14.075 -0.647 -0.000 15.075 -0.801 -0.851 12.218 -0.306 -0.851 11.349 -0.802 0.149 12.218 0.068 -0.851 12.713 -0.801 0.849 12.217 -0.328 0.849 11.336 -0.802 1.849 12.217 0.080 0.849 12.690 -0.772 -0.850 16.158 0.228 -0.849 16.148 -0.773 0.150 16.157 -0.762 -0.848 17.158 -0.773 0.850 16.158 0.227 0.851 16.147 -0.774 1.850 16.156 -0.763 0.852 17.157 
1.395 -0.702 -0.001 14.097 0.297 -0.000 14.085 -0.703 0.999 14.097 -0.690 -0.000 15.097 -0.801 -0.852 12.238 -1.719 -0.852 11.841 -0.802 0.148 12.238 -0.403 -0.852 11.321 -0.801 0.848 12.238 -1.748 0.848 11.917 -0.802 1.848 12.238 -0.481 0.849 11.290 -0.802 -0.850 16.179 0.198 -0.849 16.197 -0.803 0.150 16.178 -0.820 -0.848 17.179 -0.803 0.850 16.178 0.197 0.851 16.196 -0.803 1.850 16.177 -0.820 0.852 17.178 
1.433 -0.727 -0.001 14.128 0.273 -0.001 14.123 -0.728 0.999 14.127 -0.722 -0.000 15.128 -0.801 -0.852 12.269 -0.586 -0.853 13.245 -0.802 0.148 12.269 -1.778 -0.853 12.484 -0.801 0.848 12.268 -0.447 0.848 13.203 -0.802 1.848 12.268 -1.737 0.847 12.621 -0.801 -0.850 16.209 0.194 -0.849 16.301 -0.802 0.150 16.207 -0.893 -0.848 17.205 -0.801 0.850 16.208 0.194 0.851 16.299 -0.802 1.850 16.206 -0.893 0.852 17.204 
1.472 -0.742 -0.001 14.169 0.258 -0.001 14.167 -0.742 0.999 14.168 -0.740 -0.001 15.169 -0.801 -0.853 12.309 -0.661 -0.853 11.319 -0.802 0.147 12.310 0.189 -0.853 12.450 -0.801 0.847 12.308 -0.869 0.847 11.310 -0.802 1.847 12.308 0.196 0.847 12.241 -0.801 -0.850 16.250 0.180 -0.849 16.443 -0.802 0.150 16.248 -0.994 -0.848 17.231 -0.801 0.850 16.248 0.180 0.851 16.440 -0.802 1.850 16.246 -0.993 0.852 17.230 
1.510 -0.746 -0.002 14.218 0.254 -0.002 14.215 -0.746 0.998 14.217 -0.744 -0.001 15.218 -0.801 -0.853 12.359 -0.512 -0.853 13.316 -0.801 0.147 12.359 -1.759 -0.853 12.648 -0.801 0.847 12.357 -0.275 0.847 13.207 -0.801 1.847 12.357 -1.651 0.847 12.884 -0.801 -0.850 16.299 0.149 -0.849 16.610 -0.801 0.150 16.297 -1.113 -0.848 17.249 -0.801 0.850 16.297 0.149 0.851 16.608 -0.801 1.850 16.295 -1.112 0.852 17.248 
1.548 -0.743 -0.002 14.276 0.257 -0.002 14.272 -0.743 0.998 14.275 -0.739 -0.001 15.276 -0.801 -0.854 12.417 -1.774 -0.853 12.183 -0.801 0.146 12.417 -0.568 -0.853 11.444 -0.801 0.846 12.415 -1.799 0.847 12.480 -0.801 1.846 12.415 -0.866 0.847 11.417 -0.801 -0.850 16.357 0.094 -0.849 16.803 -0.801 0.150 16.355 -1.247 -0.848 17.251 -0.801 0.850 16.355 0.095 0.851 16.800 -0.801 1.850 16.353 -1.246 0.852 17.251 
1.586 -0.735 -0.002 14.342 0.265 -0.002 14.337 -0.735 0.998 14.341 -0.730 -0.001 15.342 -0.801 -0.854 12.483 -0.506 -0.854 11.528 -0.801 0.146 12.484 0.154 -0.854 12.779 -0.801 0.846 12.482 -0.827 0.846 11.482 -0.801 1.846 12.482 0.199 0.846 12.456 -0.801 -0.850 16.424 0.007 -0.849 17.013 -0.800 0.150 16.422 -1.390 -0.848 17.231 -0.801 0.850 16.422 0.008 0.851 17.010 -0.800 1.850 16.420 -1.389 0.852 17.231 
1.624 -0.725 -0.002 14.417 0.275 -0.002 14.410 -0.725 0.998 14.416 -0.719 -0.001 15.416 -0.801 -0.854 12.558 0.197 -0.854 12.617 -0.801 0.146 12.558 -0.860 -0.853 13.556 -0.801 0.846 12.556 0.160 0.846 12.278 -0.801 1.846 12.556 -0.523 0.847 13.517 -0.801 -0.850 16.498 -0.116 -0.849 17.227 -0.800 0.150 16.496 -1.529 -0.848 17.183 -0.801 0.850 16.496 -0.114 0.851 17.224 -0.800 1.850 16.494 -1.528 0.852 17.182 
1.663 -0.716 -0.002 14.497 0.284 -0.002 14.491 -0.716 0.998 14.496 -0.710 -0.001 15.497 -0.801 -0.853 12.639 -0.437 -0.853 13.570 -0.801 0.147 12.638 -1.732 -0.853 13.003 -0.801 0.847 12.637 -0.144 0.847 13.391 -0.800 1.847 12.636 -1.555 0.847 13.294 -0.801 -0.850 16.579 -0.276 -0.848 17.430 -0.800 0.150 16.577 -1.652 -0.848 17.103 -0.801 0.850 16.577 -0.275 0.852 17.428 -0.800 1.850 16.575 -1.651 0.852 17.103 
1.701 -0.710 -0.001 14.583 0.290 -0.002 14.578 -0.709 0.999 14.582 -0.704 -0.001 15.583 -0.801 -0.853 12.725 -0.787 -0.852 13.725 -0.800 0.147 12.723 -1.801 -0.853 12.738 -0.801 0.847 12.723 -0.452 0.848 13.660 -0.800 1.847 12.722 -1.738 0.847 13.071 -0.801 -0.849 16.665 -0.470 -0.847 17.609 -0.800 0.151 16.662 -1.744 -0.848 16.995 -0.801 0.851 16.663 -0.469 0.853 17.606 -0.800 1.851 16.661 -1.744 0.852 16.995 
1.739 -0.705 -0.001 14.670 0.295 -0.001 14.666 -0.705 0.999 14.669 -0.701 -0.000 15.670 -0.801 -0.853 12.811 -1.003 -0.851 13.791 -0.800 0.147 12.809 -1.780 -0.853 12.609 -0.801 0.847 12.809 -0.662 0.849 13.800 -0.800 1.847 12.808 -1.791 0.847 12.948 -0.801 -0.849 16.751 -0.681 -0.847 17.744 -0.800 0.151 16.749 -1.793 -0.849 16.871 -0.801 0.851 16.750 -0.679 0.853 17.742 -0.800 1.851 16.747 -1.793 0.851 16.871 
1.777 -0.704 -0.001 14.759 0.296 -0.001 14.756 -0.704 0.999 14.758 -0.701 0.000 15.759 -0.801 -0.853 12.901 -1.311 -0.851 13.761 -0.801 0.147 12.898 -1.661 -0.854 12.391 -0.801 0.847 12.899 -0.993 0.849 13.880 -0.801 1.847 12.897 -1.782 0.847 12.706 -0.801 -0.849 16.841 -0.904 -0.846 17.835 -0.800 0.151 16.838 -1.795 -0.849 16.737 -0.801 0.851 16.839 -0.902 0.854 17.834 -0.800 1.851 16.836 -1.795 0.851 16.737 
1.816 -0.704 -0.001 14.856 0.296 -0.001 14.853 -0.704 0.999 14.855 -0.701 0.000 15.856 -0.801 -0.852 12.997 -1.653 -0.851 13.520 -0.801 0.148 12.995 -1.324 -0.854 12.145 -0.801 0.848 12.996 -1.433 0.849 13.770 -0.801 1.848 12.994 -1.575 0.846 12.363 -0.801 -0.849 16.937 -1.140 -0.846 17.878 -0.800 0.151 16.935 -1.741 -0.849 16.598 -0.801 0.851 16.936 -1.138 0.854 17.877 -0.800 1.851 16.933 -1.742 0.851 16.599 
1.854 -0.706 -0.000 14.955 0.294 -0.000 14.951 -0.706 1.000 14.955 -0.702 0.001 15.955 -0.801 -0.852 13.097 -1.800 -0.852 13.138 -0.801 0.148 13.095 -0.842 -0.854 12.097 -0.801 0.848 13.095 -1.734 0.849 13.455 -0.801 1.848 13.093 -1.160 0.846 12.162 -0.801 -0.848 17.037 -1.361 -0.846 17.865 -0.801 0.152 17.034 -1.629 -0.850 16.476 -0.801 0.852 17.035 -1.359 0.854 17.864 -0.800 1.852 17.033 -1.630 0.850 16.476 
1.891 -0.709 0.000 15.060 0.291 0.000 15.055 -0.708 1.000 15.059 -0.704 0.001 16.060 -0.801 -0.852 13.201 -1.719 -0.852 12.804 -0.801 0.148 13.199 -0.404 -0.853 12.283 -0.801 0.848 13.199 -1.797 0.848 13.109 -0.801 1.848 13.197 -0.710 0.847 12.203 -0.801 -0.848 17.141 -1.556 -0.846 17.797 -0.801 0.152 17.138 -1.456 -0.850 16.386 -0.801 0.852 17.139 -1.555 0.854 17.796 -0.801 1.852 17.137 -1.458 0.850 16.385 
1.930 -0.711 0.000 15.173 0.289 0.000 15.167 -0.711 1.000 15.172 -0.705 0.001 16.173 -0.801 -0.851 13.314 -1.537 -0.853 12.637 -0.801 0.149 13.312 -0.124 -0.853 12.578 -0.801 0.849 13.313 -1.709 0.848 12.894 -0.801 1.849 13.311 -0.382 0.847 12.405 -0.801 -0.848 17.254 -1.709 -0.847 17.672 -0.801 0.152 17.252 -1.219 -0.850 16.346 -0.801 0.852 17.253 -1.708 0.853 17.672 -0.801 1.852 17.250 -1.220 0.850 16.345 
1.969 -0.713 0.001 15.295 0.287 0.001 15.289 -0.713 1.001 15.294 -0.707 0.002 16.295 -0.801 -0.851 13.436 -1.299 -0.853 12.569 -0.801 0.149 13.434 0.066 -0.852 12.938 -0.801 0.849 13.435 -1.540 0.848 12.762 -0.801 1.849 13.433 -0.128 0.848 12.695 -0.801 -0.847 17.376 -1.793 -0.847 17.501 -0.801 0.153 17.374 -0.926 -0.850 16.384 -0.801 0.853 17.375 -1.793 0.853 17.502 -0.801 1.853 17.373 -0.927 0.850 16.383 
2.008 -0.714 0.001 15.423 0.286 0.001 15.417 -0.715 1.001 15.422 -0.708 0.002 16.423 -0.801 -0.851 13.564 -1.001 -0.853 12.584 -0.801 0.149 13.562 0.179 -0.851 13.364 -0.801 0.849 13.563 -1.291 0.848 12.691 -0.801 1.849 13.561 0.071 0.848 13.072 -0.801 -0.847 17.504 -1.782 -0.848 17.311 -0.801 0.153 17.502 -0.607 -0.849 16.523 -0.801 0.853 17.503 -1.782 0.852 17.311 -0.801 1.853 17.500 -0.609 0.851 16.521 
2.046 -0.715 0.001 15.555 0.285 0.001 15.549 -0.715 1.001 15.554 -0.709 0.002 16.555 -0.801 -0.850 13.696 -0.672 -0.852 12.704 -0.801 0.150 13.694 0.191 -0.850 13.825 -0.801 0.850 13.694 -0.982 0.848 12.711 -0.801 1.850 13.693 0.183 0.849 13.513 -0.801 -0.847 17.636 -1.666 -0.848 17.135 -0.801 0.153 17.634 -0.300 -0.849 16.771 -0.801 0.853 17.634 -1.667 0.852 17.135 -0.801 1.853 17.632 -0.301 0.851 16.768 
2.085 -0.715 0.002 15.695 0.285 0.002 15.689 -0.715 1.002 15.694 -0.709 0.003 16.695 -0.801 -0.850 13.837 -0.338 -0.852 12.950 -0.801 0.150 13.835 0.085 -0.849 14.300 -0.801 0.850 13.835 -0.631 0.848 12.849 -0.801 1.850 13.833 0.185 0.850 14.005 -0.801 -0.846 17.777 -1.440 -0.848 17.008 -0.801 0.154 17.774 -0.032 -0.848 17.137 -0.801 0.854 17.775 -1.442 0.852 17.007 -0.801 1.854 17.773 -0.033 0.852 17.134 
2.124 -0.714 0.002 15.842 0.286 0.002 15.836 -0.714 1.002 15.841 -0.709 0.003 16.842 -0.801 -0.850 13.983 -0.050 -0.851 13.323 -0.801 0.150 13.982 -0.141 -0.849 14.735 -0.801 0.850 13.982 -0.288 0.849 13.123 -0.801 1.850 13.980 0.058 0.851 14.494 -0.801 -0.846 17.923 -1.121 -0.848 16.976 -0.801 0.154 17.921 0.147 -0.847 17.603 -0.801 0.854 17.922 -1.123 0.852 16.975 -0.801 1.854 17.919 0.146 0.853 17.600 
2.162 -0.714 0.002 15.992 0.286 0.002 15.986 -0.714 1.002 15.991 -0.708 0.003 16.992 -0.801 -0.850 14.133 0.140 -0.850 13.795 -0.801 0.150 14.132 -0.462 -0.849 15.074 -0.801 0.850 14.132 -0.009 0.849 13.521 -0.801 1.850 14.130 -0.190 0.851 14.923 -0.801 -0.846 18.073 -0.751 -0.848 17.075 -0.801 0.154 18.071 0.198 -0.846 18.123 -0.801 0.854 18.072 -0.754 0.852 17.073 -0.801 1.854 18.069 0.198 0.854 18.119 
2.201 -0.713 0.002 16.150 0.287 0.002 16.145 -0.713 1.002 16.149 -0.707 0.003 17.150 -0.801 -0.850 14.292 0.198 -0.850 14.343 -0.801 0.150 14.290 -0.852 -0.849 15.290 -0.801 0.850 14.290 0.165 0.850 14.032 -0.801 1.850 14.289 -0.543 0.851 15.256 -0.801 -0.845 18.232 -0.370 -0.848 17.329 -0.801 0.155 18.229 0.102 -0.844 18.662 -0.801 0.855 18.230 -0.372 0.852 17.326 -0.801 1.855 18.227 0.103 0.856 18.658 
2.240 -0.712 0.003 16.315 0.288 0.003 16.310 -0.712 1.003 16.314 -0.707 0.004 17.315 -0.801 -0.849 14.457 0.093 -0.849 14.905 -0.801 0.151 14.456 -1.249 -0.849 15.351 -0.801 0.851 14.455 0.187 0.851 14.607 -0.801 1.851 14.454 -0.953 0.851 15.443 -0.801 -0.845 18.397 -0.043 -0.847 17.744 -0.801 0.155 18.394 -0.148 -0.843 19.154 -0.801 0.855 18.395 -0.045 0.853 17.740 -0.801 1.855 18.392 -0.145 0.857 19.150 
2.279 -0.712 0.003 16.483 0.288 0.003 16.477 -0.712 1.003 16.481 -0.707 0.004 17.483 -0.801 -0.849 14.624 -0.167 -0.849 15.398 -0.801 0.151 14.624 -1.575 -0.849 15.258 -0.801 0.851 14.622 0.040 0.851 15.164 -0.801 1.851 14.622 -1.342 0.851 15.463 -0.801 -0.845 18.564 0.157 -0.845 18.276 -0.801 0.155 18.561 -0.512 -0.842 19.522 -0.801 0.855 18.562 0.156 0.855 18.271 -0.801 1.855 18.559 -0.509 0.858 19.519 
2.316 -0.712 0.003 16.653 0.288 0.003 16.648 -0.712 1.003 16.652 -0.706 0.005 17.653 -0.801 -0.849 14.795 -0.545 -0.849 15.762 -0.801 0.151 14.794 -1.768 -0.849 15.050 -0.801 0.851 14.793 -0.260 0.851 15.634 -0.801 1.851 14.792 -1.642 0.851 15.333 -0.801 -0.844 18.735 0.190 -0.844 18.870 -0.801 0.156 18.732 -0.935 -0.841 19.726 -0.801 0.856 18.733 0.191 0.856 18.864 -0.801 1.856 18.730 -0.932 0.859 19.724 
2.354 -0.712 0.004 16.831 0.288 0.003 16.826 -0.712 1.004 16.830 -0.706 0.005 17.831 -0.801 -0.849 14.973 -0.988 -0.849 15.955 -0.801 0.151 14.973 -1.783 -0.849 14.786 -0.801 0.851 14.971 -0.676 0.851 15.963 -0.801 1.851 14.970 -1.793 0.851 15.096 -0.801 -0.843 18.913 0.035 -0.842 19.462 -0.801 0.157 18.910 -1.350 -0.841 19.749 -0.801 0.857 18.911 0.037 0.858 19.456 -0.801 1.857 18.907 -1.346 0.859 19.749 
2.392 -0.712 0.004 17.012 0.288 0.004 17.007 -0.712 1.004 17.011 -0.706 0.005 18.012 -0.801 -0.849 15.154 -1.400 -0.849 15.955 -0.801 0.151 15.154 -1.602 -0.849 14.555 -0.801 0.851 15.151 -1.123 0.851 16.098 -0.801 1.851 15.151 -1.748 0.851 14.829 -0.801 -0.843 19.094 -0.290 -0.840 19.954 -0.801 0.157 19.091 -1.660 -0.841 19.605 -0.801 0.857 19.092 -0.286 0.860 19.949 -0.801 1.857 19.088 -1.658 0.859 19.606 
2.430 -0.712 0.004 17.203 0.288 0.004 17.197 -0.712 1.004 17.201 -0.707 0.006 18.203 -0.801 -0.849 15.345 -1.701 -0.849 15.781 -0.801 0.151 15.344 -1.237 -0.850 14.445 -0.801 0.851 15.342 -1.522 0.851 16.035 -0.801 1.851 15.341 -1.494 0.850 14.621 -0.801 -0.842 19.285 -0.742 -0.838 20.283 -0.801 0.158 19.281 -1.799 -0.842 19.343 -0.801 0.858 19.282 -0.737 0.862 20.280 -0.801 1.858 19.278 -1.799 0.858 19.346 
2.466 -0.712 0.005 17.386 0.288 0.004 17.380 -0.712 1.005 17.384 -0.707 0.006 18.386 -0.801 -0.849 15.528 -1.801 -0.849 15.521 -0.801 0.151 15.527 -0.794 -0.850 14.528 -0.801 0.851 15.524 -1.754 0.851 15.828 -0.801 1.851 15.524 -1.104 0.850 14.572 -0.801 -0.841 19.468 -1.189 -0.838 20.389 -0.801 0.158 19.464 -1.722 -0.843 19.079 -0.801 0.858 19.464 -1.184 0.862 20.388 -0.801 1.858 19.461 -1.724 0.857 19.081 
2.503 -0.713 0.005 17.586 0.287 0.005 17.580 -0.712 1.005 17.584 -0.707 0.007 18.586 -0.801 -0.849 15.728 -1.674 -0.849 15.241 -0.801 0.151 15.727 -0.314 -0.850 14.855 -0.801 0.851 15.724 -1.782 0.851 15.533 -0.801 1.851 15.724 -0.609 0.850 14.743 -0.801 -0.841 19.668 -1.584 -0.838 20.289 -0.801 0.159 19.664 -1.422 -0.844 18.884 -0.801 0.859 19.665 -1.580 0.862 20.291 -0.801 1.859 19.660 -1.427 0.856 18.885 
2.541 -0.713 0.005 17.790 0.287 0.005 17.784 -0.713 1.005 17.788 -0.707 0.008 18.790 -0.801 -0.849 15.932 -1.324 -0.850 15.080 -0.801 0.151 15.931 0.051 -0.849 15.409 -0.801 0.851 15.928 -1.563 0.851 15.281 -0.801 1.851 15.927 -0.154 0.850 15.166 -0.801 -0.840 19.872 -1.788 -0.839 20.030 -0.801 0.160 19.868 -0.959 -0.844 18.885 -0.801 0.860 19.868 -1.787 0.861 20.034 -0.801 1.860 19.864 -0.966 0.856 18.882 
2.578 -0.713 0.006 17.998 0.287 0.006 17.993 -0.713 1.006 17.996 -0.707 0.008 18.998 -0.801 -0.848 16.141 -0.829 -0.850 15.141 -0.801 0.152 16.139 0.199 -0.849 16.113 -0.801 0.852 16.137 -1.139 0.850 15.196 -0.801 1.852 16.135 0.140 0.851 15.798 -0.800 -0.839 20.081 -1.735 -0.840 19.725 -0.800 0.161 20.076 -0.445 -0.843 19.146 -0.801 0.861 20.077 -1.738 0.860 19.729 -0.801 1.861 20.072 -0.453 0.857 19.139 
2.616 -0.713 0.007 18.212 0.287 0.007 18.207 -0.713 1.007 18.210 -0.707 0.009 19.212 -0.801 -0.848 16.355 -0.314 -0.850 15.482 -0.801 0.152 16.353 0.072 -0.847 16.842 -0.801 0.852 16.351 -0.611 0.850 15.369 -0.801 1.852 16.349 0.181 0.852 16.540 -0.801 -0.838 20.295 -1.423 -0.842 19.512 -0.801 0.162 20.290 -0.018 -0.841 19.673 -0.801 0.862 20.291 -1.429 0.858 19.513 -0.801 1.862 20.286 -0.023 0.859 19.662 
2.653 -0.713 0.007 18.430 0.287 0.007 18.424 -0.712 1.007 18.427 -0.707 0.010 19.430 -0.801 -0.848 16.573 0.069 -0.849 16.079 -0.801 0.152 16.570 -0.307 -0.846 17.442 -0.801 0.852 16.568 -0.130 0.851 15.827 -0.801 1.852 16.566 -0.060 0.854 17.239 -0.801 -0.837 20.513 -0.926 -0.842 19.521 -0.800 0.163 20.507 0.191 -0.838 20.387 -0.801 0.863 20.508 -0.936 0.858 19.517 -0.800 1.863 20.503 0.190 0.862 20.373 
2.689 -0.713 0.008 18.651 0.287 0.008 18.645 -0.712 1.008 18.648 -0.707 0.011 19.651 -0.801 -0.847 16.794 0.198 -0.847 16.832 -0.801 0.153 16.791 -0.839 -0.844 17.793 -0.801 0.853 16.789 0.160 0.852 16.511 -0.801 1.853 16.786 -0.523 0.855 17.749 -0.801 -0.836 20.734 -0.386 -0.841 19.824 -0.800 0.164 20.728 0.109 -0.834 21.149 -0.801 0.864 20.729 -0.395 0.859 19.815 -0.800 1.864 20.723 0.113 0.866 21.134 
2.727 -0.713 0.009 18.881 0.287 0.009 18.876 -0.712 1.009 18.878 -0.707 0.012 19.881 -0.801 -0.847 17.024 0.015 -0.845 17.602 -0.801 0.153 17.021 -1.379 -0.844 17.841 -0.801 0.853 17.019 0.156 0.854 17.311 -0.801 1.853 17.016 -1.092 0.857 17.976 -0.801 -0.834 20.965 0.044 -0.838 20.429 -0.800 0.165 20.958 -0.265 -0.830 21.809 -0.801 0.865 20.959 0.038 0.862 20.414 -0.800 1.865 20.953 -0.256 0.870 21.798 
2.764 -0.713 0.010 19.117 0.287 0.010 19.112 -0.712 1.010 19.114 -0.707 0.013 20.117 -0.801 -0.846 17.261 -0.446 -0.842 18.196 -0.801 0.154 17.257 -1.736 -0.844 17.616 -0.801 0.854 17.255 -0.169 0.857 18.030 -0.801 1.854 17.251 -1.576 0.857 17.887 -0.801 -0.833 21.201 0.199 -0.833 21.227 -0.800 0.167 21.194 -0.827 -0.827 22.200 -0.801 0.867 21.195 0.199 0.867 21.210 -0.800 1.867 21.189 -0.815 0.873 22.195 
2.802 -0.713 0.011 19.365 0.287 0.011 19.359 -0.712 1.011 19.362 -0.707 0.015 20.365 -0.801 -0.845 17.508 -1.056 -0.840 18.475 -0.800 0.155 17.504 -1.768 -0.845 17.254 -0.801 0.855 17.503 -0.737 0.860 18.501 -0.800 1.855 17.498 -1.799 0.856 17.566 -0.801 -0.832 21.448 -0.002 -0.828 22.051 -0.800 0.168 21.442 -1.403 -0.826 22.247 -0.801 0.868 21.443 0.005 0.872 22.035 -0.800 1.868 21.436 -1.393 0.874 22.248 
2.840 -0.713 0.013 19.618 0.287 0.012 19.613 -0.712 1.013 19.615 -0.707 0.016 20.618 -0.801 -0.844 17.762 -1.580 -0.840 18.389 -0.800 0.156 17.757 -1.428 -0.847 16.983 -0.801 0.856 17.756 -1.341 0.860 18.597 -0.800 1.856 17.751 -1.643 0.854 17.216 -0.801 -0.830 21.702 -0.515 -0.824 22.660 -0.800 0.170 21.695 -1.759 -0.828 21.988 -0.801 0.870 21.696 -0.503 0.876 22.650 -0.800 1.870 21.689 -1.755 0.872 21.994 
2.879 -0.713 0.014 19.877 0.287 0.014 19.872 -0.712 1.014 19.874 -0.707 0.018 20.877 -0.801 -0.842 18.021 -1.801 -0.842 18.049 -0.801 0.158 18.016 -0.829 -0.847 17.021 -0.801 0.858 18.015 -1.740 0.860 18.359 -0.801 1.858 18.010 -1.145 0.853 17.076 -0.801 -0.828 21.961 -1.152 -0.822 22.897 -0.800 0.172 21.954 -1.737 -0.830 21.609 -0.801 0.872 21.955 -1.140 0.878 22.896 -0.800 1.872 21.948 -1.741 0.870 21.616 
2.916 -0.713 0.016 20.138 0.287 0.016 20.133 -0.712 1.016 20.135 -0.707 0.020 21.138 -0.801 -0.841 18.282 -1.611 -0.844 17.696 -0.801 0.159 18.277 -0.215 -0.845 17.472 -0.801 0.859 18.276 -1.756 0.858 17.978 -0.801 1.859 18.271 -0.503 0.854 17.321 -0.801 -0.826 22.222 -1.649 -0.822 22.751 -0.800 0.174 22.215 -1.330 -0.832 21.374 -0.801 0.874 22.216 -1.642 0.878 22.757 -0.800 1.874 22.209 -1.342 0.868 21.375 
2.954 -0.713 0.017 20.406 0.287 0.017 20.400 -0.712 1.017 20.402 -0.707 0.021 21.406 -0.801 -0.840 18.550 -1.072 -0.844 17.587 -0.801 0.160 18.545 0.162 -0.841 18.279 -0.801 0.860 18.543 -1.364 0.856 17.717 -0.801 1.860 18.538 0.025 0.857 17.980 -0.801 -0.824 22.490 -1.794 -0.825 22.378 -0.800 0.176 22.483 -0.689 -0.831 21.496 -0.801 0.876 22.483 -1.796 0.875 22.385 -0.800 1.876 22.476 -0.703 0.869 21.488 
2.993 -0.713 0.019 20.685 0.287 0.019 20.679 -0.712 1.019 20.681 -0.707 0.023 21.685 -0.801 -0.838 18.829 -0.389 -0.843 17.917 -0.801 0.162 18.824 0.110 -0.836 19.240 -0.801 0.862 18.822 -0.701 0.857 17.827 -0.801 1.862 18.817 0.194 0.862 18.921 -0.801 -0.822 22.769 -1.490 -0.827 22.044 -0.800 0.178 22.761 -0.076 -0.827 22.080 -0.801 0.878 22.762 -1.501 0.873 22.048 -0.800 1.878 22.755 -0.086 0.872 22.062 
3.032 -0.713 0.021 20.972 0.287 0.021 20.966 -0.712 1.021 20.968 -0.707 0.025 21.972 -0.801 -0.837 19.116 0.110 -0.839 18.702 -0.801 0.163 19.111 -0.387 -0.832 20.026 -0.801 0.863 19.109 -0.070 0.859 18.426 -0.801 1.863 19.104 -0.118 0.867 19.839 -0.801 -0.820 23.056 -0.841 -0.828 22.057 -0.801 0.180 23.049 0.199 -0.821 23.015 -0.801 0.880 23.049 -0.857 0.872 22.050 -0.800 1.880 23.041 0.198 0.879 22.992 
3.070 -0.713 0.023 21.261 0.287 0.023 21.255 -0.712 1.023 21.256 -0.707 0.027 22.261 -0.801 -0.835 19.405 0.155 -0.834 19.698 -0.801 0.165 19.400 -1.094 -0.830 20.361 -0.801 0.865 19.398 0.199 0.864 19.369 -0.801 1.865 19.392 -0.773 0.870 20.397 -0.801 -0.818 23.345 -0.169 -0.824 22.569 -0.801 0.182 23.337 -0.025 -0.813 23.976 -0.801 0.882 23.338 -0.182 0.876 22.552 -0.801 1.882 23.330 -0.015 0.886 23.956 
3.109 -0.713 0.025 21.561 0.287 0.025 21.556 -0.712 1.025 21.557 -0.707 0.029 22.561 -0.801 -0.834 19.706 -0.305 -0.829 20.574 -0.801 0.166 19.700 -1.669 -0.831 20.202 -0.801 0.866 19.698 -0.053 0.870 20.361 -0.801 1.866 19.693 -1.464 0.871 20.446 -0.801 -0.816 23.646 0.190 -0.817 23.512 -0.801 0.184 23.638 -0.667 -0.808 24.637 -0.801 0.884 23.638 0.188 0.883 23.487 -0.801 1.884 23.630 -0.650 0.892 24.627 
3.148 -0.713 0.027 21.868 0.287 0.027 21.863 -0.712 1.027 21.864 -0.707 0.032 22.868 -0.801 -0.832 20.013 -1.049 -0.826 20.982 -0.801 0.168 20.007 -1.770 -0.833 19.765 -0.801 0.868 20.005 -0.724 0.874 21.002 -0.801 1.868 19.999 -1.798 0.869 20.082 -0.801 -0.813 23.953 0.005 -0.808 24.546 -0.800 0.187 23.944 -1.394 -0.806 24.758 -0.801 0.887 23.945 0.015 0.891 24.523 -0.800 1.887 23.936 -1.379 0.894 24.761 
3.186 -0.713 0.029 22.175 0.287 0.029 22.169 -0.712 1.029 22.170 -0.707 0.034 23.175 -0.801 -0.830 20.320 -1.652 -0.827 20.844 -0.801 0.170 20.314 -1.325 -0.835 19.468 -0.801 0.870 20.311 -1.438 0.874 21.082 -0.801 1.870 20.305 -1.571 0.866 19.674 -0.801 -0.811 24.260 -0.633 -0.801 25.245 -0.800 0.189 24.250 -1.787 -0.809 24.427 -0.801 0.889 24.251 -0.614 0.899 25.234 -0.800 1.889 24.241 -1.783 0.891 24.437 
3.225 -0.713 0.031 22.492 0.287 0.031 22.486 -0.712 1.031 22.486 -0.707 0.037 23.492 -0.801 -0.829 20.637 -1.772 -0.830 20.396 -0.800 0.171 20.631 -0.560 -0.835 19.666 -0.801 0.871 20.628 -1.797 0.872 20.714 -0.800 1.871 20.621 -0.887 0.865 19.631 -0.801 -0.807 24.577 -1.387 -0.797 25.387 -0.800 0.192 24.564 -1.611 -0.814 23.991 -0.801 0.893 24.568 -1.370 0.903 25.390 -0.800 1.892 24.555 -1.623 0.886 23.999 
3.264 -0.713 0.034 22.812 0.287 0.033 22.806 -0.712 1.034 22.806 -0.707 0.040 23.812 -0.801 -0.827 20.957 -1.302 -0.832 20.092 -0.800 0.173 20.951 0.065 -0.831 20.456 -0.801 0.873 20.947 -1.556 0.869 20.292 -0.800 1.873 20.941 -0.146 0.868 20.192 -0.801 -0.803 24.897 -1.791 -0.801 25.039 -0.800 0.196 24.882 -0.942 -0.818 23.907 -0.801 0.897 24.887 -1.787 0.900 25.052 -0.800 1.896 24.872 -0.965 0.882 23.901 
3.303 -0.713 0.037 23.139 0.287 0.036 23.133 -0.711 1.037 23.132 -0.707 0.044 24.139 -0.801 -0.825 21.285 -0.509 -0.832 20.328 -0.800 0.175 21.277 0.156 -0.824 21.576 -0.801 0.875 21.273 -0.840 0.868 20.274 -0.800 1.875 21.266 0.198 0.874 21.234 -0.801 -0.798 25.225 -1.579 -0.809 24.597 -0.799 0.201 25.206 -0.173 -0.814 24.446 -0.801 0.902 25.213 -1.596 0.891 24.607 -0.799 1.901 25.195 -0.194 0.886 24.418 
3.341 -0.713 0.042 23.472 0.287 0.040 23.467 -0.711 1.042 23.464 -0.707 0.049 24.472 -0.801 -0.823 21.619 0.105 -0.828 21.197 -0.799 0.177 21.611 -0.378 -0.816 22.525 -0.801 0.877 21.606 -0.087 0.870 20.906 -0.799 1.877 21.598 -0.100 0.882 22.320 -0.801 -0.792 25.559 -0.855 -0.814 24.561 -0.799 0.208 25.537 0.198 -0.795 25.505 -0.801 0.908 25.546 -0.886 0.886 24.550 -0.799 1.908 25.524 0.196 0.904 25.460 
3.379 -0.713 0.046 23.804 0.287 0.044 23.798 -0.710 1.046 23.795 -0.707 0.055 24.804 -0.801 -0.820 21.952 0.121 -0.818 22.338 -0.799 0.180 21.942 -1.187 -0.810 22.874 -0.801 0.880 21.937 0.198 0.878 21.988 -0.799 1.880 21.927 -0.853 0.890 22.935 -0.801 -0.785 25.892 -0.099 -0.805 25.180 -0.799 0.215 25.866 -0.088 -0.768 26.593 -0.801 0.915 25.876 -0.125 0.895 25.139 -0.798 1.915 25.850 -0.063 0.931 26.552 
3.416 -0.713 0.052 24.131 0.287 0.049 24.125 -0.710 1.052 24.121 -0.707 0.062 25.131 -0.801 -0.817 22.280 -0.458 -0.807 23.220 -0.798 0.183 22.269 -1.740 -0.811 22.624 -0.801 0.883 22.263 -0.155 0.890 23.027 -0.798 1.883 22.251 -1.565 0.892 22.908 -0.801 -0.776 26.220 0.199 -0.778 26.251 -0.798 0.224 26.190 -0.831 -0.746 27.219 -0.801 0.924 26.203 0.199 0.921 26.191 -0.798 1.924 26.172 -0.788 0.954 27.202 
3.455 -0.713 0.059 24.485 0.287 0.056 24.479 -0.709 1.059 24.473 -0.707 0.071 25.485 -0.801 -0.813 22.636 -1.315 -0.800 23.493 -0.798 0.187 22.623 -1.658 -0.817 22.121 -0.801 0.887 22.615 -0.981 0.900 23.599 -0.798 1.887 22.602 -1.784 0.888 22.435 -0.801 -0.765 26.576 -0.195 -0.740 27.371 -0.797 0.234 26.542 -1.597 -0.742 27.180 -0.801 0.935 26.555 -0.156 0.958 27.319 -0.798 1.934 26.521 -1.565 0.959 27.199 
3.494 -0.713 0.067 24.845 0.287 0.064 24.839 -0.709 1.067 24.831 -0.707 0.082 25.845 -0.801 -0.808 22.997 -1.793 -0.803 23.121 -0.797 0.192 22.982 -0.925 -0.823 22.005 -0.801 0.892 22.973 -1.682 0.902 23.446 -0.797 1.891 22.958 -1.273 0.880 22.092 -0.801 -0.753 26.937 -1.053 -0.717 27.904 -0.797 0.247 26.901 -1.768 -0.759 26.684 -0.801 0.947 26.913 -0.996 0.983 27.893 -0.797 1.946 26.877 -1.781 0.943 26.718 
3.533 -0.713 0.077 25.204 0.287 0.073 25.198 -0.709 1.077 25.188 -0.707 0.093 26.204 -0.801 -0.803 23.358 -1.512 -0.812 22.655 -0.797 0.197 23.341 -0.097 -0.817 22.648 -0.801 0.897 23.331 -1.720 0.894 22.937 -0.797 1.897 23.314 -0.407 0.880 22.412 -0.801 -0.739 27.298 -1.718 -0.721 27.697 -0.797 0.260 27.259 -1.200 -0.773 26.382 -0.801 0.960 27.271 -1.689 0.981 27.730 -0.797 1.960 27.232 -1.261 0.928 26.383 
3.571 -0.713 0.087 25.567 0.287 0.083 25.561 -0.709 1.087 25.549 -0.707 0.105 26.567 -0.801 -0.796 23.723 -0.677 -0.815 22.731 -0.797 0.204 23.704 0.191 -0.797 23.847 -0.801 0.904 23.692 -1.059 0.886 22.726 -0.797 1.903 23.673 0.165 0.895 23.435 -0.801 -0.725 27.663 -1.677 -0.742 27.181 -0.797 0.274 27.622 -0.319 -0.762 26.787 -0.801 0.975 27.632 -1.711 0.961 27.218 -0.797 1.974 27.591 -0.386 0.936 26.723 
3.609 -0.713 0.098 25.936 0.287 0.095 25.930 -0.709 1.098 25.916 -0.707 0.118 26.935 -0.801 -0.789 24.094 0.068 -0.802 23.598 -0.798 0.211 24.073 -0.305 -0.772 24.962 -0.801 0.911 24.059 -0.189 0.892 23.269 -0.798 1.911 24.038 -0.010 0.921 24.672 -0.801 -0.710 28.033 -0.940 -0.751 27.043 -0.797 0.290 27.991 0.190 -0.719 27.894 -0.801 0.990 27.999 -1.023 0.950 27.025 -0.797 1.989 27.957 0.174 0.978 27.777 
3.647 -0.713 0.110 26.310 0.287 0.107 26.304 -0.710 1.110 26.288 -0.707 0.132 27.310 -0.801 -0.780 24.470 0.110 -0.774 24.881 -0.798 0.219 24.447 -1.212 -0.758 25.381 -0.801 0.919 24.432 0.199 0.917 24.455 -0.798 1.919 24.409 -0.823 0.942 25.432 -0.801 -0.693 28.409 -0.082 -0.725 27.714 -0.798 0.306 28.366 -0.106 -0.665 29.127 -0.801 1.006 28.371 -0.149 0.972 27.613 -0.798 2.005 28.328 -0.042 1.032 29.022 
3.686 -0.713 0.123 26.692 0.287 0.121 26.687 -0.710 1.123 26.668 -0.707 0.147 27.692 -0.801 -0.771 24.853 -0.618 -0.747 25.836 -0.798 0.229 24.829 -1.784 -0.764 25.037 -0.801 0.929 24.813 -0.241 0.948 25.641 -0.798 1.928 24.788 -1.629 0.945 25.373 -0.801 -0.677 28.792 0.181 -0.671 28.985 -0.798 0.322 28.748 -0.993 -0.633 29.773 -0.801 1.023 28.752 0.195 1.024 28.844 -0.798 2.022 28.708 -0.893 1.067 29.747 
3.725 -0.713 0.137 27.086 0.287 0.135 27.080 -0.710 1.137 27.060 -0.707 0.163 28.085 -0.801 -0.761 25.249 -1.523 -0.740 25.941 -0.799 0.239 25.222 -1.493 -0.778 24.527 -0.801 0.939 25.205 -1.179 0.964 26.130 -0.798 1.939 25.178 -1.727 0.931 24.827 -0.801 -0.659 29.187 -0.423 -0.618 30.112 -0.798 0.340 29.142 -1.727 -0.640 29.564 -0.801 1.041 29.144 -0.324 1.079 30.022 -0.798 2.040 29.098 -1.680 1.064 29.619 
3.763 -0.713 0.151 27.477 0.287 0.149 27.471 -0.711 1.151 27.449 -0.707 0.179 28.477 -0.801 -0.750 25.642 -1.777 -0.754 25.423 -0.799 0.250 25.613 -0.582 -0.778 24.666 -0.801 0.950 25.595 -1.780 0.958 25.799 -0.799 1.949 25.566 -1.005 0.922 24.616 -0.801 -0.641 29.580 -1.363 -0.602 30.406 -0.799 0.358 29.535 -1.628 -0.665 29.018 -0.801 1.058 29.533 -1.263 1.100 30.419 -0.799 2.057 29.488 -1.688 1.039 29.072 
3.799 -0.713 0.165 27.851 0.287 0.163 27.845 -0.711 1.165 27.822 -0.707 0.194 28.850 -0.801 -0.738 26.017 -1.200 -0.765 25.100 -0.799 0.261 25.987 0.116 -0.752 25.618 -0.801 0.961 25.967 -1.547 0.942 25.302 -0.799 1.960 25.937 -0.135 0.937 25.221 -0.801 -0.624 29.955 -1.800 -0.621 29.989 -0.799 0.375 29.910 -0.834 -0.668 28.957 -0.801 1.075 29.906 -1.788 1.084 30.062 -0.799 2.074 29.861 -0.957 1.032 28.919 
3.837 -0.713 0.180 28.254 0.287 0.179 28.248 -0.711 1.180 28.223 -0.707 0.211 29.253 -0.801 -0.726 26.421 -0.233 -0.752 25.599 -0.799 0.274 26.390 0.022 -0.709 26.989 -0.801 0.973 26.369 -0.636 0.942 25.384 -0.799 1.973 26.338 0.185 0.977 26.534 -0.801 -0.606 30.359 -1.358 -0.641 29.530 -0.799 0.393 30.316 0.030 -0.631 29.803 -0.801 1.094 30.308 -1.461 1.062 29.557 -0.800 2.093 30.264 -0.050 1.064 29.648 
3.876 -0.713 0.196 28.671 0.287 0.195 28.666 -0.712 1.196 28.640 -0.707 0.228 29.671 -0.801 -0.712 26.840 0.196 -0.710 26.922 -0.800 0.287 26.807 -0.883 -0.680 27.836 -0.801 0.987 26.786 0.135 0.975 26.433 -0.800 1.987 26.753 -0.448 1.017 27.721 -0.801 -0.587 30.778 -0.359 -0.625 29.881 -0.800 0.412 30.736 0.097 -0.570 31.219 -0.801 1.112 30.724 -0.483 1.072 29.777 -0.800 2.111 30.682 0.148 1.124 31.041 
3.916 -0.713 0.212 29.095 0.287 0.212 29.089 -0.712 1.212 29.062 -0.707 0.245 30.094 -0.801 -0.698 27.264 -0.389 -0.667 28.174 -0.800 0.302 27.230 -1.712 -0.683 27.676 -0.801 1.001 27.208 -0.035 1.023 27.851 -0.800 2.001 27.175 -1.444 1.027 27.974 -0.801 -0.569 31.202 0.198 -0.572 31.151 -0.800 0.430 31.162 -0.750 -0.529 32.200 -0.801 1.130 31.146 0.182 1.122 30.959 -0.800 2.129 31.106 -0.613 1.169 32.128 
3.953 -0.713 0.228 29.511 0.287 0.228 29.505 -0.713 1.228 29.478 -0.707 0.261 30.510 -0.801 -0.683 27.680 -1.382 -0.655 28.494 -0.801 0.316 27.646 -1.615 -0.703 27.100 -0.801 1.016 27.624 -0.970 1.049 28.609 -0.801 2.015 27.590 -1.786 1.010 27.455 -0.801 -0.552 31.618 -0.255 -0.520 32.456 -0.801 0.447 31.580 -1.638 -0.532 32.164 -0.801 1.147 31.562 -0.143 1.175 32.315 -0.801 2.146 31.524 -1.554 1.172 32.219 
3.990 -0.713 0.243 29.912 0.287 0.243 29.906 -0.713 1.242 29.878 -0.707 0.276 30.911 -0.801 -0.669 28.082 -1.799 -0.671 28.026 -0.801 0.330 28.048 -0.745 -0.703 27.084 -0.801 1.030 28.025 -1.724 1.043 28.410 -0.801 2.029 27.991 -1.186 0.998 27.103 -0.801 -0.537 32.020 -1.216 -0.504 32.929 -0.801 0.462 31.983 -1.710 -0.553 31.605 -0.801 1.162 31.963 -1.083 1.197 32.921 -0.801 2.161 31.926 -1.760 1.151 31.680 
4.026 -0.713 0.258 30.326 0.287 0.259 30.320 -0.714 1.257 30.292 -0.707 0.292 31.325 -0.801 -0.654 28.496 -1.260 -0.685 27.608 -0.802 0.345 28.462 0.088 -0.670 28.037 -0.801 1.045 28.439 -1.602 1.023 27.840 -0.802 2.044 28.404 -0.202 1.017 27.638 -0.801 -0.522 32.434 -1.795 -0.519 32.538 -0.801 0.478 32.398 -0.905 -0.557 31.440 -0.801 1.177 32.377 -1.770 1.185 32.621 -0.801 2.177 32.341 -1.046 1.142 31.408 
4.063 -0.713 0.273 30.745 0.287 0.274 30.739 -0.714 1.272 30.711 -0.707 0.306 31.744 -0.801 -0.640 28.915 -0.258 -0.668 28.076 -0.802 0.360 28.881 0.039 -0.620 29.458 -0.801 1.059 28.858 -0.679 1.025 27.866 -0.802 2.059 28.824 0.192 1.065 28.980 -0.801 -0.507 32.853 -1.386 -0.534 32.043 -0.802 0.492 32.821 0.010 -0.525 32.268 -0.801 1.192 32.796 -1.495 1.168 32.077 -0.802 2.191 32.764 -0.081 1.171 32.102 
4.099 -0.713 0.287 31.164 0.287 0.288 31.158 -0.714 1.286 31.130 -0.707 0.320 32.163 -0.801 -0.625 29.334 0.198 -0.622 29.386 -0.802 0.374 29.300 -0.853 -0.591 30.332 -0.801 1.074 29.277 0.121 1.062 28.889 -0.802 2.073 29.243 -0.413 1.106 30.198 -0.801 -0.493 33.271 -0.390 -0.522 32.360 -0.802 0.506 33.240 0.111 -0.479 33.681 -0.801 1.206 33.215 -0.523 1.176 32.254 -0.802 2.205 33.183 0.160 1.216 33.492 
4.136 -0.713 0.301 31.587 0.287 0.302 31.581 -0.714 1.300 31.554 -0.707 0.334 32.587 -0.801 -0.611 29.757 -0.359 -0.580 30.654 -0.803 0.389 29.724 -1.698 -0.598 30.198 -0.801 1.088 29.700 -0.013 1.110 30.316 -0.803 2.088 29.668 -1.417 1.113 30.488 -0.801 -0.480 33.695 0.196 -0.481 33.607 -0.802 0.520 33.664 -0.713 -0.450 34.690 -0.801 1.219 33.638 0.174 1.214 33.413 -0.802 2.219 33.608 -0.575 1.249 34.612 
4.172 -0.713 0.314 32.020 0.287 0.316 32.015 -0.715 1.314 31.988 -0.707 0.347 33.020 -0.801 -0.597 30.190 -1.389 -0.572 30.999 -0.803 0.403 30.158 -1.610 -0.617 29.602 -0.801 1.102 30.134 -0.980 1.134 31.117 -0.803 2.102 30.102 -1.785 1.095 29.955 -0.801 -0.467 34.128 -0.258 -0.442 34.968 -0.802 0.533 34.099 -1.641 -0.453 34.670 -0.801 1.232 34.072 -0.147 1.255 34.829 -0.803 2.232 34.043 -1.558 1.250 34.725 
4.208 -0.713 0.327 32.451 0.287 0.329 32.445 -0.715 1.327 32.418 -0.707 0.360 33.450 -0.801 -0.583 30.620 -1.792 -0.589 30.485 -0.803 0.417 30.588 -0.667 -0.614 29.629 -0.801 1.116 30.564 -1.753 1.124 30.871 -0.803 2.116 30.533 -1.108 1.086 29.613 -0.801 -0.455 34.558 -1.283 -0.432 35.433 -0.803 0.545 34.531 -1.677 -0.470 34.076 -0.801 1.244 34.502 -1.159 1.269 35.436 -0.803 2.244 34.475 -1.734 1.233 34.145 
4.246 -0.713 0.340 32.902 0.287 0.343 32.897 -0.715 1.340 32.871 -0.707 0.372 33.902 -0.801 -0.569 31.071 -1.101 -0.599 30.117 -0.803 0.431 31.040 0.153 -0.576 30.771 -0.801 1.131 31.017 -1.481 1.106 30.284 -0.803 2.130 30.986 -0.068 1.111 30.337 -0.801 -0.443 35.009 -1.799 -0.447 34.946 -0.803 0.557 34.985 -0.738 -0.467 34.011 -0.801 1.256 34.955 -1.798 1.256 35.026 -0.803 2.256 34.931 -0.872 1.232 33.958 
4.282 -0.713 0.353 33.350 0.287 0.355 33.344 -0.715 1.352 33.319 -0.707 0.384 34.349 -0.801 -0.555 31.518 -0.073 -0.574 30.832 -0.803 0.445 31.488 -0.115 -0.531 32.245 -0.801 1.144 31.465 -0.434 1.117 30.535 -0.803 2.144 31.435 0.129 1.158 31.831 -0.801 -0.433 35.456 -1.180 -0.453 34.531 -0.803 0.567 35.435 0.125 -0.438 35.077 -0.801 1.267 35.403 -1.297 1.247 34.535 -0.803 2.266 35.382 0.068 1.258 34.907 
4.319 -0.713 0.364 33.799 0.287 0.367 33.793 -0.716 1.364 33.769 -0.707 0.394 34.798 -0.801 -0.541 31.965 0.133 -0.528 32.323 -0.804 0.458 31.936 -1.159 -0.515 32.899 -0.801 1.158 31.915 0.197 1.159 31.846 -0.804 2.158 31.886 -0.733 1.187 32.912 -0.801 -0.424 35.904 -0.132 -0.435 35.160 -0.803 0.576 35.886 -0.057 -0.410 36.572 -0.801 1.276 35.853 -0.230 1.263 35.032 -0.803 2.276 35.835 0.020 1.288 36.424 
4.355 -0.713 0.375 34.257 0.287 0.378 34.252 -0.716 1.375 34.229 -0.707 0.404 35.257 -0.801 -0.528 32.423 -0.743 -0.500 33.421 -0.804 0.472 32.395 -1.799 -0.529 32.480 -0.801 1.172 32.374 -0.334 1.197 33.258 -0.804 2.171 32.347 -1.685 1.181 32.841 -0.801 -0.416 36.361 0.152 -0.409 36.664 -0.804 0.584 36.347 -1.104 -0.403 37.314 -0.801 1.284 36.313 0.181 1.289 36.501 -0.804 2.283 36.299 -0.989 1.297 37.295 
4.391 -0.713 0.385 34.712 0.287 0.389 34.707 -0.717 1.384 34.686 -0.707 0.411 35.712 -0.801 -0.515 32.876 -1.682 -0.506 33.348 -0.805 0.484 32.850 -1.273 -0.540 31.995 -0.801 1.184 32.831 -1.412 1.202 33.622 -0.805 2.184 32.805 -1.592 1.165 32.219 -0.801 -0.410 36.815 -0.674 -0.399 37.807 -0.804 0.590 36.804 -1.793 -0.412 36.941 -0.801 1.290 36.769 -0.564 1.301 37.741 -0.804 2.290 36.759 -1.772 1.289 37.006 
4.427 -0.713 0.393 35.172 0.287 0.398 35.166 -0.717 1.393 35.147 -0.707 0.418 36.172 -0.801 -0.503 33.334 -1.593 -0.521 32.724 -0.805 0.496 33.310 -0.191 -0.520 32.542 -0.801 1.196 33.292 -1.771 1.186 33.051 -0.805 2.196 33.268 -0.560 1.174 32.322 -0.801 -0.405 37.273 -1.653 -0.404 37.796 -0.805 0.595 37.265 -1.323 -0.414 36.421 -0.801 1.294 37.231 -1.595 1.296 37.839 -0.805 2.294 37.223 -1.409 1.286 36.437 
4.463 -0.713 0.401 35.637 0.287 0.405 35.631 -0.717 1.400 35.614 -0.707 0.424 36.636 -0.801 -0.492 33.797 -0.557 -0.513 32.828 -0.805 0.507 33.775 0.169 -0.482 34.041 -0.801 1.207 33.758 -0.959 1.185 32.771 -0.806 2.207 33.736 0.186 1.208 33.600 -0.801 -0.402 37.736 -1.620 -0.408 37.164 -0.805 0.598 37.731 -0.228 -0.403 36.916 -0.801 1.298 37.697 -1.671 1.292 37.205 -0.805 2.298 37.692 -0.309 1.296 36.827 
4.501 -0.713 0.407 36.122 0.287 0.412 36.116 -0.717 1.407 36.101 -0.707 0.428 37.121 -0.801 -0.482 34.280 0.193 -0.479 34.166 -0.806 0.518 34.260 -0.686 -0.461 35.273 -0.801 1.218 34.245 0.072 1.212 33.757 -0.806 2.218 34.225 -0.313 1.238 35.117 -0.801 -0.400 38.219 -0.555 -0.401 37.250 -0.805 0.600 38.217 0.169 -0.395 38.465 -0.801 1.300 38.184 -0.639 1.299 37.197 -0.805 2.300 38.182 0.186 1.305 38.346 
4.539 -0.713 0.413 36.627 0.287 0.418 36.621 -0.718 1.413 36.609 -0.707 0.431 37.627 -0.801 -0.472 34.784 -0.390 -0.454 35.695 -0.806 0.528 34.766 -1.712 -0.469 35.195 -0.801 1.228 34.752 -0.078 1.243 35.442 -0.806 2.227 34.734 -1.491 1.237 35.475 -0.801 -0.399 38.723 0.197 -0.394 38.662 -0.805 0.601 38.724 -0.739 -0.399 39.721 -0.801 1.301 38.691 0.190 1.306 38.555 -0.806 2.301 38.692 -0.664 1.301 39.682 
4.575 -0.713 0.417 37.107 0.287 0.422 37.101 -0.718 1.416 37.090 -0.707 0.433 38.107 -0.801 -0.464 35.261 -1.499 -0.456 35.977 -0.806 0.536 35.246 -1.517 -0.478 34.563 -0.801 1.236 35.234 -1.189 1.248 36.155 -0.806 2.236 35.218 -1.723 1.225 34.846 -0.801 -0.400 39.201 -0.378 -0.401 40.107 -0.806 0.600 39.204 -1.707 -0.406 39.623 -0.801 1.300 39.173 -0.320 1.299 40.050 -0.806 2.300 39.177 -1.678 1.294 39.654 
4.611 -0.713 0.419 37.591 0.287 0.424 37.585 -0.718 1.419 37.577 -0.707 0.433 38.591 -0.801 -0.457 35.744 -1.718 -0.467 35.344 -0.806 0.543 35.731 -0.401 -0.467 34.827 -0.801 1.243 35.720 -1.800 1.237 35.673 -0.806 2.243 35.707 -0.754 1.230 34.721 -0.801 -0.402 39.683 -1.498 -0.411 40.400 -0.806 0.598 39.690 -1.517 -0.401 38.986 -0.801 1.298 39.660 -1.458 1.289 40.413 -0.806 2.298 39.667 -1.554 1.298 39.002 
4.649 -0.712 0.421 38.103 0.287 0.426 38.098 -0.718 1.421 38.092 -0.707 0.432 39.103 -0.801 -0.451 36.253 -0.684 -0.460 35.260 -0.806 0.549 36.243 0.192 -0.444 36.371 -0.801 1.249 36.234 -1.034 1.238 35.262 -0.806 2.249 36.224 0.171 1.252 36.001 -0.800 -0.406 40.193 -1.689 -0.406 39.734 -0.806 0.594 40.204 -0.341 -0.394 39.305 -0.801 1.294 40.174 -1.708 1.293 39.753 -0.806 2.293 40.185 -0.380 1.306 39.267 
4.687 -0.712 0.420 38.628 0.287 0.426 38.623 -0.718 1.420 38.620 -0.707 0.429 39.628 -0.801 -0.446 36.776 0.189 -0.441 36.632 -0.807 0.554 36.768 -0.657 -0.437 37.765 -0.801 1.254 36.762 0.084 1.256 36.296 -0.807 2.254 36.754 -0.335 1.264 37.647 -0.801 -0.413 40.716 -0.588 -0.397 39.739 -0.806 0.587 40.731 0.176 -0.410 40.929 -0.801 1.287 40.702 -0.617 1.303 39.719 -0.806 2.287 40.717 0.182 1.290 40.886 
4.725 -0.712 0.418 39.152 0.287 0.425 39.147 -0.719 1.418 39.147 -0.707 0.424 40.152 -0.801 -0.442 37.297 -0.404 -0.435 38.215 -0.807 0.558 37.293 -1.719 -0.446 37.695 -0.801 1.258 37.288 -0.131 1.265 38.030 -0.807 2.258 37.284 -1.543 1.256 37.959 -0.801 -0.421 41.237 0.198 -0.414 41.187 -0.807 0.579 41.257 -0.750 -0.441 42.236 -0.801 1.279 41.228 0.197 1.286 41.163 -0.807 2.279 41.248 -0.735 1.260 42.226 
4.762 -0.713 0.414 39.680 0.287 0.421 39.675 -0.719 1.414 39.678 -0.707 0.416 40.680 -0.801 -0.440 37.822 -1.588 -0.444 38.439 -0.807 0.560 37.821 -1.417 -0.445 37.035 -0.801 1.260 37.819 -1.361 1.257 38.647 -0.808 2.260 37.818 -1.629 1.254 37.258 -0.801 -0.432 41.762 -0.499 -0.454 42.716 -0.807 0.567 41.787 -1.754 -0.446 42.064 -0.801 1.268 41.759 -0.498 1.246 42.712 -0.807 2.267 41.784 -1.754 1.254 42.061 
4.801 -0.713 0.408 40.221 0.287 0.416 40.215 -0.720 1.408 40.223 -0.707 0.406 41.221 -0.801 -0.440 38.360 -1.576 -0.444 37.729 -0.808 0.560 38.363 -0.170 -0.433 37.585 -0.801 1.260 38.363 -1.727 1.255 37.985 -0.808 2.260 38.365 -0.423 1.266 37.437 -0.801 -0.446 42.300 -1.663 -0.467 42.805 -0.808 0.553 42.330 -1.306 -0.424 41.438 -0.801 1.254 42.303 -1.671 1.233 42.795 -0.808 2.253 42.332 -1.294 1.276 41.433 
4.839 -0.713 0.399 40.766 0.287 0.408 40.760 -0.721 1.399 40.771 -0.707 0.394 41.766 -0.801 -0.441 38.902 -0.349 -0.432 38.010 -0.809 0.559 38.908 0.091 -0.437 39.354 -0.801 1.259 38.911 -0.612 1.266 37.929 -0.809 2.259 38.917 0.181 1.265 39.100 -0.801 -0.463 42.842 -1.478 -0.443 42.107 -0.808 0.537 42.875 -0.065 -0.434 42.164 -0.801 1.237 42.851 -1.455 1.258 42.095 -0.808 2.237 42.884 -0.045 1.265 42.197 
4.876 -0.713 0.389 41.304 0.287 0.397 41.299 -0.721 1.389 41.314 -0.707 0.379 42.304 -0.801 -0.445 39.437 0.171 -0.439 39.675 -0.809 0.555 39.447 -1.038 -0.457 40.408 -0.801 1.255 39.453 0.199 1.263 39.430 -0.809 2.255 39.462 -0.778 1.245 40.452 -0.801 -0.481 43.377 -0.239 -0.446 42.550 -0.809 0.518 43.415 0.027 -0.496 43.939 -0.801 1.219 43.393 -0.200 1.254 42.594 -0.809 2.218 43.430 -0.001 1.203 43.993 
4.914 -0.713 0.375 41.861 0.287 0.384 41.855 -0.721 1.375 41.874 -0.707 0.362 42.861 -0.801 -0.451 39.991 -0.856 -0.466 40.989 -0.809 0.549 40.004 -1.799 -0.459 39.935 -0.801 1.249 40.013 -0.612 1.237 40.995 -0.809 2.249 40.027 -1.783 1.238 40.201 -0.801 -0.503 43.930 0.116 -0.512 44.331 -0.809 0.496 43.972 -1.201 -0.544 44.846 -0.801 1.197 43.952 0.088 1.185 44.411 -0.809 2.196 43.994 -1.260 1.156 44.840 
4.952 -0.712 0.359 42.422 0.288 0.368 42.417 -0.721 1.359 42.439 -0.707 0.342 43.422 -0.801 -0.460 40.549 -1.792 -0.466 40.416 -0.809 0.540 40.566 -0.668 -0.441 39.558 -0.801 1.240 40.577 -1.742 1.226 40.915 -0.809 2.240 40.595 -1.139 1.254 39.636 -0.801 -0.527 44.488 -1.037 -0.573 45.459 -0.809 0.472 44.533 -1.772 -0.524 44.251 -0.801 1.173 44.517 -1.116 1.128 45.465 -0.809 2.172 44.562 -1.750 1.179 44.201 
4.991 -0.712 0.341 42.989 0.288 0.350 42.983 -0.721 1.340 43.009 -0.707 0.320 43.988 -0.801 -0.472 41.112 -0.552 -0.449 40.144 -0.810 0.528 41.133 0.168 -0.468 41.361 -0.801 1.228 41.147 -1.269 1.244 40.264 -0.809 2.228 41.169 0.082 1.246 40.679 -0.801 -0.553 45.051 -1.797 -0.558 44.971 -0.809 0.446 45.100 -0.721 -0.504 44.056 -0.801 1.147 45.086 -1.785 1.147 44.909 -0.809 2.146 45.135 -0.623 1.196 44.103 
5.029 -0.712 0.320 43.560 0.288 0.328 43.555 -0.721 1.319 43.585 -0.707 0.295 44.560 -0.801 -0.486 41.681 0.135 -0.486 42.032 -0.810 0.514 41.706 -1.152 -0.512 42.617 -0.801 1.214 41.722 0.015 1.235 41.144 -0.809 2.214 41.747 -0.223 1.198 42.538 -0.801 -0.582 45.620 -0.867 -0.530 44.623 -0.809 0.417 45.672 0.197 -0.570 45.554 -0.801 1.118 45.661 -0.752 1.171 44.663 -0.810 2.117 45.713 0.198 1.124 45.710 
5.067 -0.712 0.296 44.131 0.288 0.305 44.125 -0.721 1.296 44.159 -0.707 0.268 45.130 -0.801 -0.502 42.248 -1.214 -0.532 43.158 -0.810 0.498 42.277 -1.711 -0.498 41.834 -0.801 1.198 42.296 -0.120 1.182 43.028 -0.809 2.197 42.325 -1.533 1.172 42.976 -0.801 -0.613 46.186 0.176 -0.592 45.973 -0.809 0.386 46.243 -0.587 -0.666 47.162 -0.801 1.087 46.234 0.196 1.100 46.151 -0.809 2.085 46.291 -0.717 1.031 47.229 
5.104 -0.712 0.271 44.699 0.287 0.279 44.694 -0.721 1.270 44.731 -0.707 0.239 45.699 -0.801 -0.520 42.814 -1.703 -0.514 42.381 -0.809 0.479 42.846 -0.369 -0.487 41.912 -0.801 1.179 42.868 -1.434 1.149 43.641 -0.809 2.179 42.901 -1.575 1.194 42.235 -0.801 -0.646 46.752 -0.440 -0.699 47.683 -0.809 0.352 46.812 -1.733 -0.675 47.111 -0.801 1.053 46.806 -0.582 0.996 47.780 -0.809 2.052 46.866 -1.776 1.032 47.024 
5.142 -0.712 0.243 45.276 0.287 0.251 45.271 -0.721 1.242 45.312 -0.707 0.207 46.276 -0.801 -0.541 43.388 -0.370 -0.504 42.486 -0.809 0.459 43.424 0.102 -0.549 43.818 -0.801 1.158 43.448 -1.643 1.172 42.908 -0.809 2.158 43.485 -0.261 1.193 42.607 -0.801 -0.682 47.325 -1.677 -0.720 47.804 -0.809 0.316 47.389 -1.281 -0.629 46.450 -0.801 1.017 47.386 -1.745 0.988 47.714 -0.809 2.015 47.450 -1.130 1.075 46.443 
5.180 -0.713 0.212 45.867 0.287 0.221 45.862 -0.721 1.211 45.907 -0.707 0.173 46.866 -0.801 -0.564 43.975 0.105 -0.573 44.398 -0.809 0.435 44.015 -1.223 -0.604 44.881 -0.801 1.135 44.043 -0.330 1.175 43.162 -0.809 2.134 44.084 0.081 1.123 44.514 -0.801 -0.720 47.912 -1.364 -0.669 47.088 -0.809 0.277 47.980 0.025 -0.676 47.350 -0.801 0.978 47.980 -1.205 1.037 47.067 -0.809 1.976 48.047 0.114 1.013 47.577 
5.217 -0.713 0.180 46.451 0.287 0.188 46.445 -0.721 1.179 46.494 -0.707 0.136 47.450 -0.801 -0.589 44.556 -1.163 -0.633 45.487 -0.809 0.410 44.600 -1.733 -0.581 44.194 -0.801 1.110 44.630 0.123 1.100 45.013 -0.809 2.109 44.675 -1.184 1.065 45.553 -0.801 -0.761 48.492 -0.045 -0.708 47.839 -0.808 0.236 48.564 -0.146 -0.810 49.246 -0.801 0.938 48.566 0.070 0.980 48.077 -0.809 1.935 48.638 -0.309 0.879 49.435 
5.253 -0.713 0.146 47.025 0.287 0.154 47.020 -0.720 1.145 47.073 -0.707 0.098 48.024 -0.801 -0.616 45.128 -1.771 -0.612 44.883 -0.809 0.383 45.176 -0.557 -0.567 44.159 -0.801 1.083 45.208 -1.071 1.034 46.170 -0.809 2.081 45.257 -1.764 1.088 44.938 -0.801 -0.803 49.063 -0.048 -0.846 49.721 -0.808 0.194 49.138 -1.459 -0.864 49.813 -0.801 0.895 49.144 -0.208 0.840 49.947 -0.809 1.893 49.218 -1.606 0.845 49.734 
5.291 -0.713 0.109 47.617 0.287 0.117 47.612 -0.720 1.108 47.668 -0.707 0.058 48.616 -0.801 -0.645 45.716 -0.649 -0.592 44.729 -0.809 0.354 45.768 0.188 -0.645 45.868 -0.801 1.053 45.804 -1.782 1.055 45.608 -0.809 2.051 45.856 -0.606 1.106 44.824 -0.801 -0.848 49.651 -1.385 -0.915 50.459 -0.808 0.149 49.729 -1.612 -0.808 49.067 -0.801 0.850 49.738 -1.558 0.794 50.389 -0.808 1.847 49.816 -1.454 0.904 48.983 
5.328 -0.713 0.070 48.215 0.287 0.078 48.210 -0.720 1.068 48.271 -0.707 0.014 49.214 -0.801 -0.677 46.312 0.196 -0.674 46.388 -0.809 0.321 46.368 -0.876 -0.734 47.307 -0.801 1.020 46.405 -0.665 1.077 45.416 -0.809 2.019 46.462 0.190 1.020 46.542 -0.801 -0.895 50.246 -1.654 -0.859 49.726 -0.808 0.102 50.327 -0.280 -0.822 49.395 -0.801 0.803 50.340 -1.498 0.855 49.625 -0.808 1.799 50.420 -0.084 0.865 49.645 
5.365 -0.713 0.028 48.809 0.287 0.037 48.804 -0.720 1.027 48.868 -0.707 -0.030 49.808 -0.801 -0.711 46.903 -0.789 -0.771 47.901 -0.809 0.287 46.963 -1.801 -0.720 46.914 -0.801 0.986 47.003 0.197 0.990 47.070 -0.809 1.984 47.063 -0.867 0.926 47.999 -0.801 -0.943 50.836 -0.357 -0.865 49.944 -0.808 0.053 50.920 0.096 -0.974 51.279 -0.801 0.754 50.936 -0.136 0.822 50.193 -0.808 1.750 51.020 -0.054 0.703 51.600 
5.402 -0.713 -0.016 49.417 0.287 -0.007 49.412 -0.720 0.982 49.480 -0.707 -0.078 50.415 -0.801 -0.748 47.508 -1.799 -0.760 47.571 -0.809 0.250 47.572 -0.864 -0.685 46.512 -0.801 0.948 47.615 -0.832 0.884 48.612 -0.809 1.946 47.678 -1.800 0.943 47.583 -0.801 -0.995 51.440 0.118 -1.023 51.835 -0.808 0.001 51.528 -1.197 -1.079 52.355 -0.801 0.701 51.547 -0.031 0.651 52.183 -0.808 1.698 51.634 -1.438 0.629 52.314 
5.440 -0.713 -0.063 50.039 0.287 -0.055 50.034 -0.721 0.934 50.105 -0.707 -0.130 51.037 -0.801 -0.788 48.127 -0.881 -0.722 47.132 -0.809 0.209 48.194 0.196 -0.775 48.047 -0.801 0.908 48.240 -1.801 0.902 48.209 -0.809 1.906 48.307 -0.770 0.975 47.243 -0.801 -1.051 52.058 -1.180 -1.138 52.979 -0.808 -0.055 52.150 -1.726 -1.023 51.679 -0.801 0.646 52.171 -1.438 0.570 52.938 -0.809 1.641 52.262 -1.571 0.698 51.536 
5.477 -0.712 -0.113 50.656 0.287 -0.104 50.651 -0.721 0.885 50.726 -0.707 -0.183 51.654 -0.801 -0.831 48.741 0.193 -0.815 48.635 -0.809 0.167 48.812 -0.693 -0.900 49.733 -0.801 0.865 48.861 -0.781 0.936 47.864 -0.809 1.863 48.932 0.199 0.872 48.882 -0.801 -1.108 52.672 -1.736 -1.082 52.319 -0.809 -0.112 52.767 -0.447 -1.016 51.741 -0.801 0.588 52.791 -1.578 0.641 52.165 -0.809 1.584 52.886 -0.172 0.667 52.017 
5.515 -0.712 -0.165 51.276 0.287 -0.156 51.271 -0.721 0.832 51.350 -0.707 -0.239 52.274 -0.801 -0.875 49.359 -0.674 -0.949 50.348 -0.809 0.122 49.434 -1.793 -0.893 49.485 -0.801 0.820 49.485 0.199 0.827 49.503 -0.809 1.817 49.560 -0.818 0.745 50.482 -0.801 -1.167 53.288 -0.466 -1.072 52.351 -0.809 -0.172 53.387 0.142 -1.192 53.622 -0.801 0.528 53.414 -0.175 0.610 52.638 -0.809 1.523 53.512 -0.021 0.473 54.037 
5.551 -0.712 -0.218 51.888 0.287 -0.209 51.883 -0.721 0.779 51.966 -0.707 -0.296 52.885 -0.801 -0.922 49.968 -1.787 -0.944 50.134 -0.809 0.075 50.047 -0.968 -0.846 48.985 -0.801 0.773 50.100 -0.794 0.694 51.097 -0.810 1.770 50.179 -1.801 0.764 50.106 -0.801 -1.228 53.896 0.155 -1.250 54.192 -0.809 -0.233 53.998 -1.097 -1.328 54.846 -0.801 0.467 54.028 -0.006 0.412 54.632 -0.809 1.462 54.130 -1.407 0.381 54.819 
5.588 -0.712 -0.276 52.516 0.287 -0.267 52.512 -0.721 0.721 52.598 -0.708 -0.357 53.513 -0.801 -0.972 50.593 -0.967 -0.893 49.611 -0.809 0.024 50.675 0.185 -0.950 50.429 -0.801 0.722 50.732 -1.801 0.715 50.720 -0.810 1.719 50.813 -0.790 0.803 49.735 -0.801 -1.293 54.520 -1.097 -1.396 55.470 -0.809 -0.299 54.626 -1.756 -1.270 54.225 -0.801 0.401 54.659 -1.421 0.314 55.439 -0.809 1.396 54.764 -1.585 0.460 54.042 
5.624 -0.712 -0.332 53.117 0.287 -0.324 53.114 -0.721 0.664 53.202 -0.709 -0.418 54.113 -0.801 -1.022 51.192 0.172 -0.994 50.961 -0.809 -0.025 51.275 -0.569 -1.101 52.161 -0.801 0.672 51.336 -0.841 0.755 50.341 -0.809 1.669 51.419 0.198 0.684 51.297 -0.801 -1.357 55.117 -1.773 -1.340 54.886 -0.809 -0.363 55.225 -0.569 -1.250 54.150 -0.801 0.337 55.262 -1.616 0.393 54.685 -0.809 1.331 55.370 -0.222 0.429 54.452 
5.661 -0.712 -0.393 53.736 0.288 -0.385 53.734 -0.720 0.603 53.825 -0.710 -0.482 54.732 -0.801 -1.074 51.807 -0.547 -1.155 52.771 -0.809 -0.078 51.893 -1.768 -1.103 52.060 -0.801 0.619 51.959 0.198 0.631 51.914 -0.808 1.615 52.044 -0.756 0.534 52.954 -0.801 -1.425 55.732 -0.591 -1.316 54.760 -0.808 -0.431 55.841 0.177 -1.441 55.941 -0.801 0.268 55.883 -0.226 0.362 55.070 -0.808 1.262 55.993 0.017 0.211 56.455 
5.699 -0.712 -0.456 54.370 0.288 -0.450 54.369 -0.718 0.540 54.463 -0.711 -0.549 55.366 -0.801 -1.130 52.439 -1.772 -1.157 52.674 -0.807 -0.134 52.528 -1.037 -1.045 51.471 -0.801 0.563 52.597 -0.790 0.474 53.593 -0.807 1.559 52.686 -1.801 0.555 52.607 -0.801 -1.496 56.362 0.173 -1.514 56.588 -0.807 -0.502 56.472 -1.028 -1.604 57.330 -0.801 0.197 56.520 -0.003 0.136 57.120 -0.807 1.191 56.629 -1.403 0.106 57.313 
5.737 -0.712 -0.520 55.002 0.288 -0.515 55.001 -0.717 0.476 55.097 -0.711 -0.616 55.997 -0.801 -1.188 53.069 -1.025 -1.099 52.098 -0.806 -0.192 53.161 0.174 -1.162 52.846 -0.801 0.504 53.232 -1.801 0.500 53.216 -0.806 1.500 53.324 -0.786 0.597 52.236 -0.801 -1.566 56.990 -1.040 -1.672 57.956 -0.806 -0.571 57.098 -1.772 -1.545 56.752 -0.801 0.127 57.153 -1.424 0.039 57.931 -0.806 1.121 57.261 -1.583 0.190 56.533 
5.774 -0.712 -0.583 55.624 0.288 -0.580 55.623 -0.715 0.412 55.722 -0.711 -0.681 56.619 -0.801 -1.248 53.690 0.172 -1.221 53.459 -0.805 -0.252 53.786 -0.568 -1.341 54.658 -0.801 0.444 53.856 -0.785 0.541 52.861 -0.805 1.440 53.953 0.199 0.447 53.872 -0.801 -1.633 57.611 -1.774 -1.613 57.380 -0.805 -0.639 57.716 -0.570 -1.530 56.643 -0.801 0.059 57.777 -1.582 0.121 57.157 -0.805 1.053 57.882 -0.177 0.143 57.000 
5.811 -0.712 -0.647 56.235 0.288 -0.645 56.235 -0.714 0.349 56.333 -0.712 -0.745 57.230 -0.801 -1.309 54.300 -0.535 -1.405 55.259 -0.804 -0.314 54.400 -1.765 -1.338 54.564 -0.801 0.383 54.468 0.199 0.387 54.452 -0.804 1.378 54.567 -0.785 0.283 55.462 -0.801 -1.698 58.221 -0.604 -1.604 57.245 -0.804 -0.702 58.315 0.180 -1.714 58.417 -0.801 -0.006 58.388 -0.202 0.071 57.591 -0.804 0.989 58.483 -0.000 -0.061 58.985 
5.848 -0.712 -0.706 56.826 0.288 -0.708 56.828 -0.710 0.289 56.923 -0.714 -0.804 57.821 -0.801 -1.370 54.891 -1.740 -1.404 55.233 -0.801 -0.375 54.990 -1.144 -1.278 53.957 -0.801 0.322 55.057 -0.699 0.223 56.047 -0.801 1.317 55.156 -1.795 0.312 55.158 -0.801 -1.755 58.812 0.192 -1.765 58.930 -0.801 -0.759 58.899 -0.918 -1.841 59.802 -0.801 -0.063 58.978 0.048 -0.109 59.505 -0.801 0.933 59.065 -1.329 -0.136 59.824 
5.884 -0.712 -0.762 57.408 0.288 -0.771 57.411 -0.704 0.233 57.503 -0.715 -0.857 58.404 -0.801 -1.431 55.476 -1.235 -1.343 54.579 -0.796 -0.436 55.571 0.100 -1.394 55.043 -0.800 0.261 55.637 -1.769 0.242 55.887 -0.795 1.257 55.732 -1.051 0.355 54.673 -0.801 -1.804 59.398 -0.821 -1.867 60.396 -0.796 -0.806 59.461 -1.801 -1.797 59.379 -0.801 -0.112 59.559 -1.232 -0.167 60.460 -0.795 0.886 59.622 -1.703 -0.079 59.129 
5.922 -0.712 -0.813 58.010 0.288 -0.831 58.013 -0.694 0.183 58.099 -0.716 -0.901 59.007 -0.801 -1.494 56.083 0.080 -1.463 55.611 -0.788 -0.498 56.172 -0.329 -1.579 56.960 -0.800 0.199 56.232 -1.327 0.282 55.386 -0.788 1.195 56.322 0.050 0.236 55.707 -0.801 -1.841 60.007 -1.801 -1.829 60.029 -0.788 -0.842 60.023 -0.822 -1.825 59.008 -0.800 -0.148 60.157 -1.732 -0.130 59.793 -0.788 0.852 60.173 -0.436 -0.138 59.226 
5.960 -0.711 -0.854 58.592 0.288 -0.880 58.595 -0.685 0.142 58.671 -0.716 -0.933 59.589 -0.801 -1.553 56.671 -0.253 -1.632 57.504 -0.780 -0.556 56.752 -1.637 -1.580 57.219 -0.800 0.143 56.805 -0.498 0.215 55.854 -0.779 1.139 56.887 0.153 0.098 57.104 -0.801 -1.863 60.599 -0.909 -1.904 59.605 -0.780 -0.864 60.555 0.193 -1.889 60.492 -0.801 -0.168 60.733 -0.615 -0.214 59.751 -0.779 0.831 60.689 0.182 -0.181 60.919 
5.997 -0.711 -0.885 59.165 0.289 -0.917 59.168 -0.679 0.112 59.232 -0.716 -0.952 60.163 -0.801 -1.604 57.251 -1.572 -1.627 57.888 -0.772 -0.607 57.323 -1.437 -1.530 56.483 -0.800 0.093 57.366 -0.157 0.132 56.602 -0.772 1.090 57.441 -0.035 0.024 58.007 -0.801 -1.871 61.182 0.176 -1.919 60.977 -0.773 -0.876 61.082 -0.592 -1.778 62.156 -0.800 -0.174 61.297 0.181 -0.220 61.113 -0.772 0.821 61.197 -0.613 -0.081 62.275 
6.034 -0.710 -0.905 59.722 0.289 -0.941 59.724 -0.674 0.093 59.777 -0.715 -0.960 60.721 -0.801 -1.647 57.818 -1.543 -1.581 57.150 -0.767 -0.650 57.879 -0.131 -1.624 57.076 -0.800 0.051 57.912 -0.079 0.072 57.220 -0.767 1.048 57.976 -0.109 -0.018 58.631 -0.801 -1.865 61.752 -0.468 -1.726 62.684 -0.768 -0.879 61.593 -1.743 -1.781 62.076 -0.800 -0.167 61.846 -0.187 -0.062 62.629 -0.767 0.820 61.688 -1.590 -0.044 62.447 
6.071 -0.710 -0.914 60.284 0.289 -0.953 60.286 -0.672 0.084 60.325 -0.713 -0.955 61.283 -0.801 -1.684 58.391 -0.232 -1.664 57.569 -0.764 -0.686 58.441 0.020 -1.743 58.958 -0.800 0.016 58.460 0.163 -0.005 58.193 -0.764 1.014 58.513 -0.535 -0.044 59.423 -0.801 -1.846 62.328 -1.705 -1.722 62.736 -0.765 -0.870 62.111 -1.227 -2.027 61.441 -0.800 -0.146 62.397 -1.474 0.037 63.113 -0.764 0.830 62.181 -1.539 -0.266 61.733 
6.109 -0.710 -0.913 60.856 0.289 -0.952 60.856 -0.671 0.086 60.882 -0.711 -0.938 61.856 -0.801 -1.712 58.975 0.074 -1.764 59.456 -0.763 -0.714 59.012 -1.283 -1.726 59.851 -0.800 -0.012 59.018 -0.028 -0.065 59.651 -0.763 0.987 59.057 -1.434 -0.017 59.792 -0.801 -1.813 62.914 -1.275 -2.034 62.061 -0.765 -0.851 62.643 0.079 -1.972 62.467 -0.800 -0.112 62.957 -1.645 -0.227 62.435 -0.764 0.850 62.687 -0.267 -0.359 62.149 
6.147 -0.710 -0.901 61.417 0.289 -0.939 61.417 -0.672 0.098 61.426 -0.711 -0.911 62.416 -0.801 -1.731 59.548 -1.164 -1.739 60.480 -0.763 -0.732 59.572 -1.732 -1.687 59.186 -0.800 -0.030 59.565 -0.674 -0.058 60.556 -0.763 0.969 59.589 -1.792 0.004 59.692 -0.801 -1.768 63.488 0.048 -1.966 62.999 -0.765 -0.822 63.169 -0.275 -1.515 64.300 -0.800 -0.067 63.504 -0.853 -0.385 62.558 -0.765 0.880 63.185 0.198 -0.118 63.466 
6.185 -0.710 -0.881 61.959 0.289 -0.916 61.962 -0.674 0.119 61.952 -0.712 -0.873 62.959 -0.801 -1.741 60.105 -1.781 -1.702 59.909 -0.764 -0.742 60.114 -0.605 -1.739 59.124 -0.800 -0.040 60.093 -1.042 -0.040 61.063 -0.764 0.959 60.102 -1.770 -0.002 59.851 -0.801 -1.713 64.045 -0.205 -1.443 64.801 -0.766 -0.781 63.684 -1.603 -1.472 64.591 -0.801 -0.012 64.033 -0.364 -0.351 63.199 -0.766 0.920 63.672 0.099 0.116 64.451 
6.223 -0.710 -0.851 62.503 0.290 -0.883 62.507 -0.677 0.148 62.480 -0.714 -0.828 63.503 -0.801 -1.741 60.663 -0.775 -1.747 59.663 -0.766 -0.742 60.657 0.198 -1.776 60.689 -0.800 -0.041 60.623 -1.078 -0.025 61.584 -0.766 0.959 60.616 -1.760 -0.010 60.345 -0.801 -1.650 64.602 -1.567 -1.371 65.181 -0.769 -0.734 64.203 -1.443 -1.936 63.890 -0.801 0.050 64.562 -0.046 -0.234 63.971 -0.768 0.967 64.163 -0.145 0.332 65.263 
6.262 -0.710 -0.813 63.048 0.290 -0.841 63.054 -0.682 0.185 63.008 -0.715 -0.773 64.047 -0.801 -1.735 61.223 0.189 -1.769 61.085 -0.770 -0.736 61.202 -0.662 -1.719 62.213 -0.800 -0.036 61.155 -1.079 -0.005 62.115 -0.770 0.964 61.132 -1.760 -0.013 60.875 -0.801 -1.578 65.160 -1.487 -1.877 64.496 -0.772 -0.678 64.724 -0.074 -1.896 64.551 -0.801 0.122 65.092 0.155 -0.032 64.839 -0.771 1.021 64.655 -0.507 0.532 65.955 
6.300 -0.710 -0.771 63.571 0.289 -0.795 63.578 -0.686 0.227 63.513 -0.716 -0.713 64.569 -0.801 -1.726 61.763 -0.453 -1.700 62.700 -0.774 -0.727 61.726 -1.738 -1.688 62.110 -0.800 -0.028 61.664 -1.080 0.018 62.623 -0.774 0.971 61.624 -1.760 -0.014 61.384 -0.801 -1.497 65.696 -0.250 -1.904 64.968 -0.775 -0.616 65.224 0.033 -1.256 66.192 -0.801 0.201 65.597 0.191 0.239 65.722 -0.774 1.081 65.123 -0.928 0.674 66.469 
6.339 -0.710 -0.722 64.090 0.289 -0.744 64.097 -0.688 0.275 64.011 -0.716 -0.643 65.087 -0.801 -1.714 62.302 -1.640 -1.663 62.842 -0.777 -0.716 62.245 -1.344 -1.748 61.462 -0.800 -0.018 62.168 -1.080 0.045 63.126 -0.776 0.980 62.109 -1.760 -0.012 61.887 -0.801 -1.405 66.229 0.191 -1.362 66.349 -0.777 -0.545 65.719 -0.925 -0.895 67.081 -0.801 0.291 66.096 0.036 0.554 66.577 -0.777 1.149 65.584 -1.348 0.730 66.808 
6.378 -0.711 -0.668 64.593 0.289 -0.689 64.600 -0.689 0.327 64.492 -0.716 -0.567 65.588 -0.801 -1.699 62.827 -1.535 -1.734 62.149 -0.778 -0.702 62.750 -0.123 -1.771 62.095 -0.800 -0.007 62.656 -1.080 0.076 63.612 -0.778 0.990 62.576 -1.760 -0.007 62.375 -0.801 -1.303 66.747 -0.165 -0.894 67.401 -0.778 -0.466 66.201 -1.572 -0.941 67.271 -0.801 0.389 66.576 -0.296 0.851 67.305 -0.778 1.226 66.030 -1.664 0.681 66.988 
6.417 -0.711 -0.609 65.086 0.289 -0.628 65.093 -0.690 0.383 64.962 -0.716 -0.486 66.078 -0.801 -1.680 63.344 -0.342 -1.778 62.461 -0.780 -0.686 63.245 0.087 -1.654 63.803 -0.800 0.007 63.134 -1.080 0.110 64.089 -0.779 1.002 63.033 -1.760 -0.001 62.854 -0.801 -1.195 67.254 -0.600 -0.632 68.056 -0.780 -0.379 66.676 -1.781 -1.061 67.406 -0.801 0.493 67.044 -0.734 1.069 67.859 -0.779 1.308 66.466 -1.798 0.549 67.086 
6.456 -0.711 -0.547 65.572 0.289 -0.563 65.580 -0.694 0.443 65.425 -0.716 -0.400 66.561 -0.801 -1.659 63.856 0.179 -1.653 64.055 -0.782 -0.667 63.734 -0.999 -1.536 64.829 -0.801 0.023 63.607 -1.080 0.147 64.559 -0.782 1.015 63.483 -1.761 0.006 63.327 -0.801 -1.081 67.754 -1.072 -0.491 68.515 -0.782 -0.288 67.145 -1.764 -1.231 67.528 -0.801 0.601 67.504 -1.177 1.171 68.235 -0.782 1.394 66.895 -1.727 0.386 67.195 
6.495 -0.711 -0.482 66.047 0.289 -0.496 66.054 -0.696 0.503 65.876 -0.716 -0.311 67.032 -0.801 -1.635 64.358 -0.698 -1.493 65.342 -0.785 -0.646 64.213 -1.795 -1.604 64.457 -0.801 0.040 64.068 -1.080 0.186 65.017 -0.784 1.029 63.921 -1.761 0.014 63.790 -0.801 -0.964 68.240 -1.476 -0.485 68.802 -0.784 -0.194 67.603 -1.539 -1.385 67.713 -0.801 0.711 67.951 -1.535 1.154 68.465 -0.784 1.481 67.313 -1.479 0.251 67.378 
6.534 -0.711 -0.416 66.508 0.289 -0.428 66.515 -0.697 0.565 66.314 -0.716 -0.221 67.489 -0.801 -1.609 64.847 -1.709 -1.525 65.258 -0.786 -0.624 64.678 -1.220 -1.756 63.951 -0.801 0.059 64.517 -1.079 0.226 65.463 -0.786 1.044 64.347 -1.761 0.025 64.240 -0.801 -0.845 68.712 -1.732 -0.591 68.975 -0.786 -0.099 68.046 -1.167 -1.461 68.014 -0.801 0.823 68.382 -1.750 1.043 68.606 -0.786 1.568 67.716 -1.114 0.194 67.671 
6.572 -0.711 -0.349 66.947 0.289 -0.361 66.955 -0.698 0.627 66.731 -0.716 -0.132 67.924 -0.801 -1.581 65.315 -1.525 -1.703 64.637 -0.787 -0.600 65.124 -0.112 -1.729 64.606 -0.801 0.079 64.946 -1.079 0.268 65.888 -0.787 1.060 64.753 -1.761 0.038 64.670 -0.801 -0.727 69.162 -1.799 -0.759 69.107 -0.787 -0.006 68.468 -0.739 -1.420 68.443 -0.801 0.933 68.793 -1.797 0.883 68.721 -0.786 1.653 68.099 -0.714 0.241 68.076 
6.608 -0.711 -0.285 67.351 0.289 -0.297 67.359 -0.698 0.686 67.113 -0.716 -0.047 68.322 -0.801 -1.552 65.746 -0.513 -1.761 64.811 -0.787 -0.575 65.532 0.157 -1.504 66.030 -0.801 0.099 65.341 -1.080 0.309 66.278 -0.787 1.076 65.127 -1.761 0.052 65.066 -0.801 -0.615 69.573 -1.697 -0.925 69.255 -0.787 0.080 68.854 -0.357 -1.263 68.955 -0.801 1.037 69.168 -1.699 0.729 68.853 -0.786 1.731 68.449 -0.361 0.386 68.549 
6.644 -0.711 -0.220 67.744 0.289 -0.232 67.753 -0.698 0.746 67.485 -0.716 0.039 68.710 -0.801 -1.521 66.166 0.179 -1.582 65.974 -0.787 -0.549 65.932 -0.599 -1.294 67.119 -0.801 0.121 65.726 -1.080 0.351 66.659 -0.787 1.093 65.491 -1.761 0.068 65.452 -0.801 -0.502 69.972 -1.463 -1.053 69.465 -0.787 0.166 69.228 -0.052 -1.002 69.538 -0.801 1.140 69.532 -1.490 0.607 69.041 -0.787 1.808 68.788 -0.076 0.621 69.080 
6.680 -0.711 -0.154 68.127 0.289 -0.166 68.135 -0.697 0.806 67.848 -0.716 0.125 69.087 -0.801 -1.488 66.576 -0.122 -1.309 67.289 -0.787 -0.521 66.321 -1.535 -1.305 67.230 -0.801 0.145 66.102 -1.080 0.394 67.030 -0.787 1.111 65.846 -1.761 0.086 65.829 -0.801 -0.390 70.360 -1.144 -1.108 69.755 -0.787 0.251 69.593 0.138 -0.662 70.151 -0.801 1.243 69.886 -1.207 0.545 69.297 -0.787 1.883 69.118 0.113 0.923 69.636 
6.716 -0.711 -0.088 68.499 0.289 -0.099 68.508 -0.697 0.867 68.201 -0.716 0.210 69.453 -0.801 -1.453 66.976 -1.004 -1.180 67.916 -0.787 -0.491 66.700 -1.780 -1.496 66.777 -0.801 0.170 66.469 -1.080 0.439 67.391 -0.787 1.131 66.193 -1.761 0.106 66.197 -0.801 -0.278 70.737 -0.791 -1.069 70.124 -0.787 0.334 69.946 0.199 -0.279 70.754 -0.801 1.345 70.230 -0.891 0.558 69.619 -0.786 1.957 69.439 0.195 1.265 70.186 
6.752 -0.711 -0.021 68.860 0.289 -0.032 68.870 -0.697 0.928 68.544 -0.716 0.296 69.809 -0.801 -1.415 67.364 -1.668 -1.257 67.836 -0.787 -0.460 67.069 -1.299 -1.665 66.534 -0.801 0.198 66.826 -1.082 0.484 67.742 -0.787 1.153 66.531 -1.760 0.127 66.553 -0.801 -0.168 71.102 -0.452 -0.931 70.558 -0.787 0.416 70.290 0.136 0.108 71.317 -0.801 1.445 70.563 -0.578 0.652 69.996 -0.787 2.029 69.752 0.174 1.617 70.704 
6.788 -0.711 0.046 69.211 0.289 0.035 69.221 -0.697 0.989 68.877 -0.716 0.380 70.154 -0.801 -1.376 67.742 -1.782 -1.423 67.557 -0.787 -0.426 67.428 -0.611 -1.686 66.810 -0.801 0.227 67.173 -1.094 0.530 68.080 -0.787 1.176 66.860 -1.756 0.147 66.890 -0.801 -0.059 71.455 -0.165 -0.707 71.036 -0.787 0.494 70.622 -0.030 0.465 71.816 -0.801 1.543 70.887 -0.299 0.819 70.414 -0.787 2.096 70.054 0.064 1.954 71.174 
6.825 -0.711 0.114 69.558 0.289 0.103 69.568 -0.697 1.051 69.207 -0.716 0.466 70.494 -0.801 -1.334 68.114 -1.531 -1.551 67.466 -0.787 -0.391 67.782 -0.118 -1.585 67.428 -0.801 0.258 67.517 -1.126 0.575 68.407 -0.787 1.201 67.185 -1.746 0.162 67.205 -0.801 0.050 71.803 0.048 -0.406 71.535 -0.787 0.575 70.953 -0.273 0.768 72.256 -0.801 1.642 71.206 -0.071 1.055 70.855 -0.787 2.167 70.355 -0.117 2.257 71.598 
6.861 -0.711 0.182 69.892 0.289 0.171 69.902 -0.698 1.112 69.525 -0.716 0.549 70.822 -0.801 -1.291 68.473 -1.232 -1.600 67.625 -0.787 -0.354 68.124 0.102 -1.452 68.073 -0.801 0.291 67.848 -1.185 0.617 68.712 -0.787 1.228 67.500 -1.723 0.168 67.484 -0.801 0.156 72.138 0.169 -0.063 72.026 -0.787 0.659 71.274 -0.557 0.992 72.628 -0.801 1.737 71.514 0.089 1.337 71.295 -0.787 2.240 70.649 -0.345 2.503 71.967 
6.897 -0.711 0.248 70.213 0.289 0.239 70.223 -0.700 1.171 69.831 -0.717 0.630 71.137 -0.801 -1.249 68.819 -0.958 -1.607 67.899 -0.789 -0.318 68.454 0.187 -1.317 68.677 -0.801 0.322 68.169 -1.311 0.641 68.967 -0.789 1.253 67.804 -1.661 0.146 67.690 -0.801 0.259 72.459 0.198 0.296 72.495 -0.788 0.742 71.584 -0.850 1.133 72.942 -0.801 1.830 71.809 0.177 1.643 71.720 -0.788 2.313 70.933 -0.594 2.685 72.284 
6.934 -0.711 0.312 70.529 0.289 0.306 70.538 -0.701 1.229 70.131 -0.717 0.711 71.446 -0.801 -1.208 69.161 -0.690 -1.587 68.243 -0.790 -0.283 68.780 0.193 -1.175 69.267 -0.801 0.351 68.484 -1.465 0.642 69.172 -0.790 1.276 68.103 -1.548 0.106 67.866 -0.801 0.362 72.775 0.141 0.654 72.941 -0.789 0.827 71.890 -1.136 1.198 73.210 -0.801 1.921 72.098 0.198 1.962 72.132 -0.789 2.386 71.212 -0.853 2.806 72.562 
6.972 -0.711 0.376 70.841 0.289 0.370 70.850 -0.702 1.287 70.427 -0.717 0.791 71.751 -0.801 -1.167 69.499 -0.437 -1.540 68.646 -0.791 -0.249 69.102 0.131 -1.031 69.837 -0.801 0.380 68.795 -1.591 0.630 69.354 -0.791 1.298 68.399 -1.413 0.072 68.067 -0.801 0.465 73.086 0.006 0.988 73.358 -0.790 0.912 72.192 -1.391 1.189 73.441 -0.801 2.012 72.382 0.152 2.278 72.527 -0.790 2.460 71.488 -1.103 2.866 72.805 
7.010 -0.711 0.439 71.146 0.289 0.433 71.155 -0.702 1.342 70.717 -0.717 0.869 72.049 -0.801 -1.127 69.831 -0.218 -1.467 69.093 -0.791 -0.216 69.418 0.012 -0.893 70.365 -0.801 0.409 69.101 -1.685 0.609 69.522 -0.791 1.319 68.688 -1.267 0.048 68.293 -0.801 0.566 73.389 -0.191 1.278 73.736 -0.790 0.997 72.487 -1.593 1.120 73.644 -0.801 2.101 72.659 0.049 2.573 72.895 -0.790 2.532 71.756 -1.329 2.870 73.020 
7.048 -0.711 0.500 71.438 0.289 0.493 71.448 -0.701 1.396 70.994 -0.717 0.944 72.334 -0.801 -1.087 70.149 -0.067 -1.386 69.539 -0.792 -0.185 69.718 -0.122 -0.777 70.814 -0.801 0.436 69.393 -1.749 0.580 69.676 -0.791 1.339 68.965 -1.118 0.033 68.535 -0.801 0.663 73.679 -0.424 1.504 74.067 -0.790 1.078 72.769 -1.727 1.011 73.826 -0.801 2.186 72.923 -0.099 2.831 73.226 -0.790 2.601 72.013 -1.513 2.828 73.207 
7.086 -0.711 0.558 71.717 0.289 0.551 71.727 -0.701 1.446 71.259 -0.717 1.016 72.606 -0.801 -1.050 70.453 0.060 -1.286 70.003 -0.791 -0.157 70.004 -0.292 -0.668 71.225 -0.801 0.460 69.674 -1.784 0.548 69.830 -0.791 1.357 69.231 -0.979 0.026 68.791 -0.801 0.757 73.955 -0.672 1.665 74.353 -0.790 1.157 73.038 -1.793 0.880 73.996 -0.801 2.267 73.175 -0.273 3.044 73.520 -0.790 2.667 72.258 -1.650 2.755 73.377 
7.124 -0.711 0.613 71.989 0.289 0.607 71.999 -0.701 1.495 71.516 -0.717 1.086 72.870 -0.801 -1.014 70.751 0.143 -1.176 70.463 -0.791 -0.129 70.286 -0.471 -0.578 71.588 -0.801 0.484 69.947 -1.799 0.515 69.987 -0.791 1.373 69.490 -0.850 0.028 69.059 -0.801 0.848 74.223 -0.921 1.765 74.604 -0.790 1.233 73.300 -1.794 0.742 74.167 -0.801 2.346 73.419 -0.467 3.215 73.785 -0.790 2.731 72.496 -1.743 2.659 73.538 
7.163 -0.711 0.668 72.254 0.289 0.661 72.264 -0.701 1.541 71.768 -0.717 1.154 73.128 -0.801 -0.980 71.042 0.188 -1.061 70.914 -0.791 -0.102 70.563 -0.650 -0.507 71.911 -0.801 0.505 70.215 -1.798 0.482 70.150 -0.791 1.387 69.743 -0.732 0.034 69.335 -0.801 0.938 74.484 -1.156 1.808 74.826 -0.790 1.307 73.555 -1.736 0.612 74.343 -0.801 2.423 73.657 -0.668 3.343 74.024 -0.789 2.792 72.728 -1.792 2.550 73.695 
7.202 -0.711 0.718 72.508 0.289 0.712 72.518 -0.701 1.584 72.007 -0.717 1.219 73.373 -0.801 -0.947 71.321 0.199 -0.948 71.340 -0.791 -0.076 70.831 -0.817 -0.457 72.192 -0.801 0.525 70.471 -1.786 0.451 70.318 -0.790 1.399 69.985 -0.632 0.045 69.610 -0.801 1.023 74.733 -1.360 1.801 75.021 -0.790 1.378 73.798 -1.630 0.504 74.526 -0.801 2.495 73.883 -0.863 3.429 74.236 -0.789 2.850 72.948 -1.799 2.441 73.850 
7.242 -0.711 0.766 72.749 0.289 0.760 72.759 -0.701 1.624 72.235 -0.717 1.279 73.607 -0.801 -0.918 71.588 0.185 -0.843 71.737 -0.790 -0.053 71.086 -0.967 -0.421 72.440 -0.801 0.541 70.715 -1.768 0.424 70.491 -0.790 1.408 70.216 -0.548 0.056 69.878 -0.801 1.105 74.969 -1.526 1.755 75.195 -0.789 1.445 74.029 -1.490 0.426 74.715 -0.801 2.564 74.096 -1.043 3.477 74.424 -0.789 2.904 73.156 -1.771 2.339 74.004 
7.281 -0.711 0.810 72.977 0.289 0.804 72.988 -0.701 1.661 72.451 -0.717 1.336 73.828 -0.801 -0.891 71.842 0.154 -0.746 72.101 -0.790 -0.033 71.328 -1.098 -0.397 72.659 -0.801 0.555 70.947 -1.748 0.400 70.668 -0.790 1.414 70.435 -0.481 0.067 70.135 -0.801 1.182 75.193 -1.651 1.683 75.355 -0.789 1.507 74.247 -1.328 0.380 74.910 -0.801 2.628 74.298 -1.204 3.494 74.592 -0.789 2.953 73.353 -1.716 2.250 74.157 
7.320 -0.711 0.851 73.194 0.289 0.845 73.205 -0.700 1.693 72.656 -0.717 1.389 74.037 -0.801 -0.866 72.083 0.113 -0.661 72.434 -0.790 -0.016 71.557 -1.208 -0.382 72.858 -0.801 0.566 71.168 -1.729 0.380 70.847 -0.790 1.418 70.643 -0.430 0.076 70.379 -0.801 1.254 75.404 -1.736 1.595 75.504 -0.789 1.566 74.453 -1.156 0.367 75.108 -0.801 2.687 74.489 -1.343 3.488 74.744 -0.789 2.999 73.538 -1.641 2.175 74.310 
7.356 -0.711 0.885 73.384 0.289 0.879 73.395 -0.700 1.721 72.835 -0.717 1.434 74.220 -0.801 -0.847 72.296 0.070 -0.591 72.715 -0.790 -0.003 71.759 -1.292 -0.374 73.028 -0.801 0.574 71.362 -1.715 0.365 71.015 -0.790 1.418 70.826 -0.396 0.080 70.592 -0.801 1.318 75.588 -1.782 1.506 75.635 -0.789 1.616 74.634 -0.995 0.382 75.293 -0.801 2.738 74.654 -1.451 3.466 74.874 -0.789 3.037 73.700 -1.561 2.121 74.452 
7.394 -0.711 0.917 73.568 0.289 0.911 73.579 -0.700 1.745 73.008 -0.717 1.477 74.396 -0.801 -0.829 72.503 0.028 -0.530 72.976 -0.790 0.007 71.955 -1.361 -0.370 73.192 -0.801 0.579 71.550 -1.705 0.354 71.189 -0.790 1.416 71.003 -0.375 0.079 70.796 -0.801 1.378 75.766 -1.800 1.416 75.765 -0.789 1.664 74.808 -0.837 0.421 75.481 -0.801 2.787 74.814 -1.542 3.433 74.997 -0.789 3.072 73.855 -1.472 2.079 74.594 
7.431 -0.711 0.945 73.744 0.289 0.939 73.755 -0.700 1.766 73.173 -0.717 1.516 74.565 -0.801 -0.815 72.701 -0.011 -0.479 73.215 -0.790 0.014 72.142 -1.415 -0.368 73.352 -0.801 0.581 71.730 -1.701 0.346 71.365 -0.790 1.410 71.171 -0.367 0.073 70.986 -0.801 1.436 75.936 -1.794 1.330 75.893 -0.789 1.708 74.974 -0.687 0.480 75.666 -0.801 2.831 74.965 -1.615 3.393 75.113 -0.789 3.104 74.003 -1.382 2.050 74.736 
7.469 -0.711 0.970 73.908 0.289 0.963 73.920 -0.699 1.783 73.327 -0.717 1.551 74.722 -0.801 -0.803 72.888 -0.047 -0.436 73.432 -0.789 0.019 72.318 -1.457 -0.366 73.503 -0.801 0.581 71.899 -1.701 0.342 71.537 -0.789 1.402 71.330 -0.367 0.063 71.162 -0.801 1.488 76.094 -1.770 1.252 76.017 -0.788 1.748 75.128 -0.553 0.552 75.845 -0.801 2.871 75.105 -1.671 3.350 75.223 -0.788 3.132 74.140 -1.293 2.033 74.873 
7.508 -0.711 0.992 74.066 0.289 0.985 74.078 -0.698 1.799 73.475 -0.717 1.583 74.873 -0.801 -0.792 73.066 -0.081 -0.396 73.637 -0.788 0.023 72.486 -1.495 -0.367 73.647 -0.801 0.580 72.062 -1.701 0.338 71.702 -0.788 1.395 71.482 -0.366 0.053 71.331 -0.801 1.536 76.245 -1.731 1.184 76.142 -0.788 1.785 75.277 -0.434 0.634 76.019 -0.801 2.908 75.241 -1.714 3.306 75.330 -0.787 3.156 74.272 -1.208 2.025 75.009 
7.547 -0.711 1.012 74.211 0.289 1.004 74.224 -0.696 1.813 73.612 -0.717 1.611 75.012 -0.801 -0.782 73.230 -0.112 -0.363 73.821 -0.787 0.026 72.641 -1.526 -0.368 73.780 -0.800 0.579 72.211 -1.701 0.334 71.853 -0.787 1.387 71.622 -0.367 0.044 71.487 -0.801 1.578 76.385 -1.686 1.129 76.262 -0.787 1.815 75.413 -0.336 0.717 76.181 -0.801 2.939 75.366 -1.744 3.265 75.432 -0.786 3.177 74.395 -1.132 2.024 75.138 
7.586 -0.711 1.028 74.343 0.289 1.019 74.356 -0.696 1.824 73.737 -0.716 1.634 75.138 -0.801 -0.774 73.376 -0.139 -0.334 73.984 -0.786 0.028 72.780 -1.551 -0.370 73.900 -0.800 0.579 72.346 -1.701 0.330 71.990 -0.786 1.381 71.750 -0.367 0.036 71.627 -0.801 1.612 76.511 -1.641 1.087 76.376 -0.786 1.840 75.538 -0.259 0.793 76.328 -0.801 2.965 75.482 -1.764 3.229 75.529 -0.786 3.193 74.508 -1.068 2.028 75.258 
7.623 -0.711 1.041 74.460 0.289 1.032 74.473 -0.695 1.833 73.849 -0.716 1.652 75.251 -0.801 -0.767 73.505 -0.161 -0.312 74.124 -0.786 0.030 72.902 -1.569 -0.372 74.008 -0.800 0.578 72.466 -1.701 0.328 72.112 -0.785 1.376 71.863 -0.367 0.030 71.752 -0.801 1.640 76.624 -1.601 1.057 76.480 -0.786 1.860 75.649 -0.201 0.857 76.457 -0.801 2.986 75.586 -1.777 3.200 75.619 -0.786 3.206 74.610 -1.017 2.034 75.367 
7.660 -0.711 1.051 74.564 0.289 1.042 74.578 -0.695 1.839 73.949 -0.716 1.666 75.353 -0.801 -0.762 73.619 -0.178 -0.294 74.246 -0.785 0.031 73.011 -1.583 -0.374 74.106 -0.800 0.578 72.573 -1.701 0.325 72.221 -0.785 1.372 71.965 -0.367 0.025 71.862 -0.801 1.660 76.726 -1.567 1.036 76.574 -0.786 1.880 75.751 -0.159 0.910 76.568 -0.801 3.001 75.681 -1.785 3.177 75.705 -0.785 3.221 74.705 -0.978 2.042 75.462 
7.697 -0.711 1.058 74.658 0.289 1.049 74.672 -0.695 1.844 74.040 -0.716 1.676 75.444 -0.801 -0.759 73.719 -0.191 -0.281 74.351 -0.785 0.032 73.107 -1.593 -0.375 74.194 -0.800 0.578 72.669 -1.701 0.324 72.317 -0.785 1.369 72.056 -0.367 0.021 71.960 -0.801 1.675 76.817 -1.543 1.024 76.656 -0.785 1.898 75.843 -0.131 0.950 76.662 -0.801 3.012 75.767 -1.789 3.161 75.785 -0.785 3.235 74.792 -0.950 2.049 75.544 
7.733 -0.711 1.062 74.741 0.289 1.053 74.755 -0.695 1.847 74.121 -0.716 1.681 75.526 -0.801 -0.757 73.806 -0.198 -0.273 74.441 -0.785 0.032 73.191 -1.599 -0.376 74.273 -0.800 0.578 72.752 -1.701 0.323 72.402 -0.785 1.366 72.137 -0.367 0.018 72.046 -0.801 1.684 76.899 -1.527 1.019 76.723 -0.785 1.923 75.928 -0.114 0.976 76.736 -0.801 3.019 75.846 -1.792 3.152 75.862 -0.785 3.258 74.875 -0.934 2.057 75.607 
7.770 -0.711 1.063 74.814 0.289 1.054 74.828 -0.694 1.848 74.194 -0.716 1.684 75.598 -0.801 -0.756 73.880 -0.201 -0.270 74.516 -0.785 0.031 73.264 -1.601 -0.375 74.345 -0.800 0.578 72.826 -1.701 0.322 72.475 -0.784 1.365 72.209 -0.367 0.016 72.121 -0.801 1.687 76.971 -1.522 1.022 76.776 -0.785 1.952 76.007 -0.108 0.989 76.791 -0.801 3.021 75.917 -1.792 3.150 75.936 -0.785 3.286 74.953 -0.930 2.065 75.652 
7.808 -0.711 1.063 74.876 0.289 1.052 74.892 -0.693 1.847 74.256 -0.716 1.683 75.661 -0.801 -0.756 73.943 -0.202 -0.270 74.579 -0.783 0.030 73.325 -1.601 -0.375 74.406 -0.800 0.577 72.888 -1.701 0.322 72.538 -0.783 1.363 72.271 -0.367 0.015 72.185 -0.801 1.687 77.034 -1.521 1.029 76.816 -0.784 1.984 76.079 -0.108 0.996 76.831 -0.801 3.021 75.979 -1.792 3.149 76.001 -0.783 3.318 75.024 -0.929 2.075 75.682 
7.844 -0.711 1.062 74.927 0.289 1.049 74.944 -0.690 1.846 74.307 -0.716 1.683 75.711 -0.801 -0.757 73.995 -0.203 -0.271 74.631 -0.781 0.028 73.376 -1.602 -0.375 74.455 -0.800 0.576 72.939 -1.701 0.322 72.588 -0.781 1.362 72.321 -0.367 0.012 72.237 -0.801 1.688 77.084 -1.522 1.048 76.815 -0.782 2.057 76.155 -0.108 1.013 76.831 -0.801 3.021 76.029 -1.792 3.148 76.059 -0.781 3.390 75.100 -0.930 2.100 75.661 
7.881 -0.711 1.061 74.967 0.289 1.046 74.985 -0.687 1.845 74.347 -0.715 1.682 75.751 -0.801 -0.758 74.035 -0.204 -0.272 74.674 -0.779 0.027 73.416 -1.603 -0.375 74.493 -0.800 0.575 72.980 -1.701 0.322 72.627 -0.779 1.360 72.361 -0.367 0.009 72.278 -0.801 1.688 77.124 -1.521 1.077 76.795 -0.779 2.142 76.234 -0.107 1.040 76.811 -0.801 3.021 76.069 -1.792 3.146 76.108 -0.779 3.475 75.178 -0.930 2.139 75.616 
7.918 -0.711 1.061 74.997 0.289 1.044 75.016 -0.686 1.845 74.376 -0.715 1.682 75.781 -0.801 -0.759 74.066 -0.206 -0.272 74.706 -0.777 0.026 73.447 -1.604 -0.375 74.521 -0.800 0.574 73.010 -1.701 0.322 72.656 -0.777 1.358 72.390 -0.367 0.007 72.309 -0.801 1.688 77.154 -1.520 1.108 76.770 -0.777 2.220 76.307 -0.106 1.071 76.786 -0.801 3.021 76.098 -1.792 3.142 76.145 -0.777 3.552 75.250 -0.928 2.182 75.568 
7.955 -0.711 1.061 75.017 0.289 1.043 75.036 -0.685 1.845 74.395 -0.715 1.683 75.800 -0.801 -0.759 74.086 -0.208 -0.272 74.727 -0.776 0.025 73.467 -1.606 -0.375 74.539 -0.800 0.573 73.029 -1.702 0.322 72.676 -0.775 1.357 72.409 -0.368 0.006 72.329 -0.801 1.690 77.173 -1.517 1.153 76.726 -0.776 2.309 76.388 -0.103 1.117 76.743 -0.801 3.022 76.116 -1.792 3.136 76.174 -0.775 3.641 75.331 -0.926 2.245 75.499 
7.992 -0.711 1.064 75.026 0.289 1.044 75.046 -0.683 1.846 74.404 -0.714 1.686 75.809 -0.801 -0.757 74.096 -0.220 -0.264 74.744 -0.774 0.027 73.476 -1.615 -0.379 74.538 -0.800 0.575 73.039 -1.696 0.318 72.676 -0.774 1.358 72.418 -0.357 0.009 72.343 -0.801 1.693 77.182 -1.507 1.185 76.688 -0.774 2.370 76.446 -0.093 1.161 76.718 -0.801 3.025 76.124 -1.793 3.128 76.182 -0.774 3.702 75.388 -0.916 2.296 75.449 
8.030 -0.711 1.070 75.031 0.289 1.052 75.047 -0.686 1.853 74.409 -0.713 1.692 75.814 -0.801 -0.751 74.102 -0.237 -0.248 74.758 -0.775 0.031 73.480 -1.627 -0.384 74.530 -0.801 0.580 73.044 -1.688 0.311 72.670 -0.775 1.363 72.423 -0.340 0.019 72.356 -0.801 1.700 77.187 -1.493 1.208 76.659 -0.775 2.414 76.487 -0.080 1.202 76.705 -0.801 3.031 76.129 -1.796 3.117 76.180 -0.775 3.745 75.429 -0.898 2.337 75.416 
8.067 -0.711 1.079 75.033 0.289 1.065 75.044 -0.694 1.861 74.411 -0.711 1.701 75.816 -0.801 -0.743 74.106 -0.254 -0.230 74.767 -0.780 0.039 73.483 -1.638 -0.389 74.523 -0.801 0.588 73.048 -1.679 0.305 72.663 -0.780 1.370 72.425 -0.324 0.033 72.366 -0.801 1.709 77.190 -1.479 1.226 76.635 -0.780 2.451 76.520 -0.066 1.243 76.697 -0.801 3.040 76.132 -1.797 3.107 76.176 -0.780 3.782 75.462 -0.879 2.373 75.391 
8.104 -0.711 1.088 75.035 0.289 1.080 75.040 -0.702 1.871 74.413 -0.710 1.710 75.818 -0.801 -0.734 74.108 -0.269 -0.212 74.775 -0.787 0.048 73.485 -1.648 -0.394 74.517 -0.801 0.596 73.050 -1.671 0.299 72.657 -0.787 1.378 72.427 -0.308 0.049 72.374 -0.801 1.718 77.192 -1.465 1.239 76.618 -0.787 2.478 76.542 -0.053 1.278 76.694 -0.801 3.049 76.134 -1.799 3.098 76.171 -0.787 3.808 75.484 -0.860 2.400 75.375 
8.141 -0.712 1.097 75.037 0.288 1.093 75.038 -0.708 1.880 74.415 -0.710 1.720 75.820 -0.801 -0.726 74.111 -0.285 -0.195 74.783 -0.794 0.056 73.488 -1.657 -0.399 74.511 -0.801 0.605 73.053 -1.662 0.293 72.651 -0.793 1.387 72.430 -0.292 0.066 72.382 -0.801 1.727 77.195 -1.451 1.253 76.601 -0.793 2.505 76.566 -0.041 1.314 76.692 -0.801 3.057 76.136 -1.800 3.089 76.164 -0.793 3.835 75.508 -0.843 2.430 75.359 
8.178 -0.712 1.105 75.040 0.288 1.105 75.037 -0.714 1.888 74.418 -0.710 1.728 75.823 -0.801 -0.718 74.114 -0.300 -0.179 74.791 -0.799 0.064 73.490 -1.667 -0.405 74.504 -0.801 0.613 73.056 -1.652 0.287 72.644 -0.799 1.395 72.432 -0.276 0.081 72.390 -0.801 1.734 77.198 -1.437 1.259 76.590 -0.799 2.521 76.580 -0.030 1.340 76.698 -0.801 3.065 76.139 -1.801 3.081 76.157 -0.799 3.852 75.522 -0.825 2.448 75.353 
8.215 -0.713 1.112 75.044 0.287 1.114 75.039 -0.717 1.895 74.421 -0.710 1.735 75.826 -0.801 -0.711 74.117 -0.316 -0.165 74.801 -0.803 0.071 73.494 -1.675 -0.410 74.498 -0.801 0.620 73.059 -1.643 0.282 72.638 -0.803 1.402 72.436 -0.261 0.096 72.400 -0.801 1.741 77.201 -1.424 1.257 76.587 -0.802 2.528 76.584 -0.018 1.358 76.710 -0.801 3.072 76.143 -1.801 3.074 76.149 -0.803 3.858 75.526 -0.807 2.454 75.357 
8.253 -0.713 1.118 75.048 0.287 1.120 75.043 -0.718 1.901 74.426 -0.711 1.740 75.831 -0.801 -0.705 74.122 -0.331 -0.154 74.811 -0.805 0.077 73.499 -1.684 -0.415 74.491 -0.801 0.625 73.064 -1.633 0.278 72.632 -0.805 1.407 72.441 -0.247 0.108 72.412 -0.801 1.747 77.206 -1.410 1.256 76.583 -0.804 2.534 76.589 -0.008 1.373 76.725 -0.801 3.077 76.148 -1.801 3.067 76.141 -0.805 3.864 75.531 -0.789 2.460 75.361 
8.290 -0.713 1.123 75.053 0.287 1.125 75.049 -0.718 1.905 74.431 -0.711 1.745 75.836 -0.801 -0.701 74.127 -0.347 -0.144 74.822 -0.805 0.082 73.504 -1.692 -0.421 74.484 -0.801 0.630 73.069 -1.623 0.273 72.626 -0.805 1.412 72.446 -0.232 0.120 72.424 -0.801 1.752 77.211 -1.396 1.255 76.579 -0.805 2.540 76.595 0.003 1.388 76.740 -0.801 3.082 76.153 -1.800 3.061 76.133 -0.805 3.870 75.537 -0.772 2.467 75.365 
8.327 -0.713 1.127 75.059 0.287 1.129 75.055 -0.717 1.909 74.437 -0.711 1.749 75.842 -0.801 -0.696 74.132 -0.362 -0.135 74.834 -0.805 0.086 73.509 -1.699 -0.426 74.478 -0.801 0.634 73.074 -1.613 0.269 72.621 -0.805 1.416 72.451 -0.218 0.130 72.437 -0.801 1.756 77.216 -1.382 1.254 76.576 -0.805 2.544 76.602 0.013 1.401 76.756 -0.801 3.086 76.158 -1.800 3.055 76.124 -0.805 3.875 75.544 -0.754 2.473 75.370 
8.365 -0.713 1.130 75.065 0.287 1.131 75.062 -0.715 1.913 74.442 -0.711 1.752 75.848 -0.801 -0.693 74.138 -0.377 -0.127 74.846 -0.804 0.089 73.515 -1.707 -0.431 74.471 -0.801 0.638 73.080 -1.603 0.264 72.615 -0.804 1.420 72.457 -0.204 0.139 72.451 -0.801 1.759 77.222 -1.368 1.253 76.573 -0.804 2.549 76.609 0.023 1.413 76.772 -0.801 3.090 76.164 -1.799 3.048 76.116 -0.804 3.879 75.551 -0.737 2.478 75.376 
8.402 -0.712 1.134 75.071 0.288 1.134 75.068 -0.714 1.916 74.448 -0.711 1.756 75.853 -0.801 -0.689 74.144 -0.393 -0.120 74.857 -0.803 0.093 73.521 -1.714 -0.436 74.464 -0.801 0.641 73.086 -1.593 0.260 72.610 -0.803 1.424 72.463 -0.191 0.149 72.465 -0.801 1.763 77.228 -1.354 1.251 76.571 -0.803 2.553 76.615 0.032 1.424 76.789 -0.801 3.093 76.170 -1.798 3.043 76.108 -0.803 3.883 75.557 -0.721 2.482 75.382 
8.439 -0.712 1.137 75.076 0.288 1.136 75.075 -0.713 1.920 74.454 -0.711 1.759 75.859 -0.801 -0.686 74.150 -0.408 -0.113 74.868 -0.802 0.096 73.526 -1.720 -0.442 74.458 -0.801 0.645 73.092 -1.583 0.256 72.605 -0.802 1.427 72.469 -0.178 0.158 72.479 -0.801 1.766 77.234 -1.341 1.250 76.569 -0.802 2.556 76.621 0.041 1.436 76.806 -0.801 3.097 76.176 -1.796 3.037 76.100 -0.802 3.887 75.563 -0.704 2.487 75.389 
8.477 -0.712 1.140 75.082 0.288 1.139 75.081 -0.712 1.923 74.460 -0.711 1.763 75.865 -0.801 -0.682 74.155 -0.423 -0.105 74.879 -0.801 0.100 73.532 -1.727 -0.447 74.451 -0.801 0.648 73.097 -1.573 0.252 72.600 -0.801 1.431 72.474 -0.165 0.168 72.493 -0.801 1.769 77.239 -1.327 1.248 76.567 -0.801 2.560 76.627 0.050 1.447 76.823 -0.801 3.100 76.181 -1.794 3.031 76.092 -0.801 3.891 75.569 -0.688 2.492 75.396 
8.515 -0.712 1.144 75.087 0.288 1.142 75.087 -0.711 1.927 74.465 -0.710 1.766 75.870 -0.801 -0.679 74.160 -0.438 -0.098 74.889 -0.801 0.104 73.537 -1.733 -0.452 74.444 -0.801 0.652 73.103 -1.562 0.248 72.595 -0.801 1.434 72.480 -0.152 0.178 72.507 -0.801 1.773 77.245 -1.313 1.247 76.566 -0.800 2.564 76.632 0.058 1.459 76.840 -0.801 3.104 76.187 -1.792 3.025 76.084 -0.800 3.894 75.574 -0.671 2.497 75.403 
8.552 -0.712 1.148 75.093 0.288 1.146 75.092 -0.711 1.931 74.470 -0.710 1.770 75.875 -0.801 -0.675 74.166 -0.453 -0.091 74.899 -0.800 0.107 73.543 -1.738 -0.458 74.437 -0.801 0.656 73.108 -1.552 0.245 72.591 -0.800 1.438 72.485 -0.140 0.188 72.521 -0.801 1.777 77.250 -1.299 1.246 76.564 -0.800 2.567 76.638 0.066 1.471 76.856 -0.801 3.108 76.192 -1.790 3.019 76.077 -0.800 3.898 75.580 -0.655 2.502 75.410 
8.589 -0.712 1.152 75.098 0.288 1.150 75.097 -0.711 1.934 74.475 -0.710 1.774 75.880 -0.801 -0.671 74.170 -0.467 -0.084 74.908 -0.800 0.111 73.548 -1.744 -0.463 74.431 -0.801 0.660 73.113 -1.541 0.242 72.587 -0.800 1.442 72.490 -0.129 0.198 72.533 -0.801 1.781 77.255 -1.286 1.245 76.563 -0.800 2.571 76.642 0.074 1.483 76.872 -0.801 3.111 76.197 -1.788 3.014 76.070 -0.800 3.902 75.585 -0.640 2.507 75.417 
8.625 -0.712 1.155 75.102 0.288 1.154 75.101 -0.712 1.938 74.480 -0.710 1.778 75.885 -0.801 -0.667 74.175 -0.482 -0.077 74.917 -0.800 0.115 73.552 -1.749 -0.468 74.424 -0.801 0.664 73.117 -1.531 0.238 72.582 -0.800 1.446 72.495 -0.118 0.209 72.546 -0.801 1.784 77.260 -1.272 1.245 76.562 -0.800 2.575 76.647 0.081 1.495 76.887 -0.801 3.115 76.202 -1.785 3.008 76.063 -0.800 3.906 75.590 -0.625 2.512 75.423 
8.662 -0.712 1.159 75.107 0.288 1.158 75.106 -0.712 1.942 74.485 -0.711 1.781 75.890 -0.801 -0.663 74.180 -0.496 -0.071 74.925 -0.800 0.119 73.557 -1.753 -0.473 74.418 -0.801 0.667 73.122 -1.521 0.236 72.579 -0.800 1.450 72.499 -0.107 0.219 72.559 -0.801 1.788 77.264 -1.259 1.244 76.561 -0.800 2.579 76.652 0.088 1.507 76.902 -0.801 3.119 76.206 -1.782 3.003 76.056 -0.800 3.910 75.594 -0.610 2.518 75.430 
8.699 -0.712 1.163 75.111 0.288 1.162 75.110 -0.712 1.946 74.489 -0.711 1.785 75.894 -0.801 -0.660 74.184 -0.510 -0.064 74.933 -0.801 0.123 73.562 -1.758 -0.478 74.412 -0.801 0.671 73.127 -1.510 0.233 72.575 -0.800 1.454 72.504 -0.096 0.229 72.571 -0.801 1.792 77.269 -1.246 1.244 76.561 -0.800 2.582 76.657 0.095 1.519 76.917 -0.801 3.123 76.211 -1.780 2.997 76.049 -0.800 3.913 75.599 -0.596 2.523 75.437 
8.735 -0.712 1.167 75.116 0.288 1.166 75.115 -0.712 1.950 74.494 -0.711 1.789 75.899 -0.801 -0.656 74.189 -0.524 -0.058 74.941 -0.801 0.127 73.566 -1.762 -0.484 74.405 -0.801 0.675 73.131 -1.500 0.230 72.571 -0.801 1.458 72.509 -0.086 0.240 72.584 -0.801 1.795 77.273 -1.233 1.243 76.560 -0.801 2.586 76.661 0.101 1.531 76.932 -0.801 3.126 76.216 -1.776 2.992 76.042 -0.801 3.917 75.603 -0.581 2.529 75.444 
8.773 -0.712 1.170 75.121 0.288 1.169 75.119 -0.712 1.953 74.498 -0.711 1.793 75.903 -0.801 -0.652 74.193 -0.538 -0.052 74.949 -0.801 0.130 73.571 -1.766 -0.489 74.399 -0.801 0.679 73.136 -1.489 0.227 72.568 -0.801 1.462 72.513 -0.075 0.250 72.597 -0.801 1.799 77.278 -1.219 1.242 76.560 -0.801 2.589 76.665 0.107 1.542 76.947 -0.801 3.130 76.220 -1.773 2.987 76.036 -0.801 3.920 75.607 -0.567 2.534 75.452 
8.811 -0.712 1.174 75.125 0.288 1.173 75.124 -0.712 1.957 74.503 -0.711 1.796 75.908 -0.801 -0.649 74.198 -0.552 -0.046 74.956 -0.801 0.134 73.575 -1.769 -0.494 74.392 -0.801 0.682 73.140 -1.478 0.225 72.564 -0.801 1.465 72.518 -0.065 0.261 72.610 -0.801 1.803 77.282 -1.206 1.241 76.561 -0.801 2.592 76.668 0.113 1.554 76.963 -0.801 3.134 76.225 -1.770 2.981 76.029 -0.801 3.923 75.611 -0.553 2.539 75.460 
8.847 -0.712 1.178 75.129 0.288 1.177 75.128 -0.712 1.960 74.507 -0.711 1.800 75.912 -0.801 -0.645 74.202 -0.566 -0.040 74.963 -0.801 0.138 73.580 -1.773 -0.499 74.386 -0.801 0.686 73.145 -1.468 0.223 72.561 -0.801 1.469 72.522 -0.056 0.271 72.622 -0.801 1.806 77.287 -1.193 1.240 76.562 -0.801 2.595 76.672 0.119 1.565 76.977 -0.801 3.137 76.229 -1.766 2.976 76.023 -0.801 3.925 75.614 -0.539 2.543 75.468 
